{
    "animation": [
        {
            "name": "Root",
            "time": [0.0, 0.0833, 0.1667, 0.25, 0.2667, 0.4833, 0.5],
            "transform": [
                [0.962859, -0.011225, 0.26977, -0.058326, 0.268922, 0.129205, -0.954456, -0.039955, -0.024142, 0.991554, 0.127425, 0.731243, 0.0, 0.0, 0.0, 1.0],
                [0.548409, -0.047442, 0.834863, -0.00951, 0.835876, 0.002874, -0.548911, 0.035485, 0.023642, 0.99887, 0.041232, 0.666, 0.0, 0.0, 0.0, 1.0],
                [0.586174, -0.04635, 0.808858, -0.012525, 0.798753, 0.200188, -0.567379, -0.007065, -0.135626, 0.97866, 0.154368, 0.512218, 0.0, 0.0, 0.0, 1.0],
                [0.586174, -0.04635, 0.808858, -0.067309, 0.745206, 0.422598, -0.515829, 0.674272, -0.317913, 0.905131, 0.282256, 0.512217, 0.0, 0.0, 0.0, 1.0],
                [6e-05, -5e-06, 8e-05, -0.184244, 7.9e-05, 2e-05, -5.8e-05, -0.047737, -1.3e-05, 9.8e-05, 1.6e-05, 0.416677, 0.0, 0.0, 0.0, 1.0],
                [9.5e-05, -1e-06, 2.7e-05, -0.056019, 2.7e-05, 1.3e-05, -9.4e-05, 0.923953, -2e-06, 9.8e-05, 1.3e-05, 0.481702, 0.0, 0.0, 0.0, 1.0],
                [0.962859, -0.011225, 0.26977, -0.058326, 0.268922, 0.129205, -0.954456, 3.938091, -0.024142, 0.991554, 0.127425, 0.731243, 0.0, 0.0, 0.0, 1.0]
            ]
        },
        {
            "name": "Thigh_R",
            "time": [0.0, 0.0833, 0.1667, 0.25, 0.2667, 0.4833, 0.5],
            "transform": [
                [0.875042, 0.343277, 0.341261, 0.124994, 0.153788, -0.865651, 0.47644, -0.002831, 0.458967, -0.364423, -0.810276, -1.2e-05, 0.0, 0.0, 0.0, 1.0],
                [0.538456, 0.592039, 0.599624, 0.124994, 0.171203, -0.773612, 0.610091, -0.002831, 0.825078, -0.22585, -0.517918, -1.2e-05, 0.0, 0.0, 0.0, 1.0],
                [0.478802, 0.875212, 0.068888, 0.124994, 0.203664, -0.18706, 0.961004, -0.002831, 0.853972, -0.446102, -0.267817, -1.2e-05, 0.0, 0.0, 0.0, 1.0],
                [0.615038, 0.116756, 0.779803, 0.124994, 0.23858, -0.970174, -0.042905, -0.002831, 0.751536, 0.212435, -0.62455, -1.2e-05, 0.0, 0.0, 0.0, 1.0],
                [0.478274, 0.860111, 0.177364, 0.124969, 0.210218, -0.308216, 0.927798, -0.002464, 0.852678, -0.406457, -0.328226, -3.1e-05, 0.0, 0.0, 0.0, 1.0],
                [0.87284, 0.347223, 0.342903, 0.124802, 0.153862, -0.86263, 0.481864, -0.003258, 0.463116, -0.367831, -0.806365, 0.001022, 0.0, 0.0, 0.0, 1.0],
                [0.875042, 0.343277, 0.341262, 0.124994, 0.153788, -0.865652, 0.476439, -0.002831, 0.458967, -0.364422, -0.810276, -1.3e-05, 0.0, 0.0, 0.0, 1.0]
            ]
        },
        {
            "name": "Leg_R",
            "time": [0.0, 0.0833, 0.1667, 0.25, 0.2667, 0.4833, 0.5],
            "transform": [
                [1.0, -0.0, 1e-06, -0.0, -0.0, 0.938565, 0.345105, 0.37472, -1e-06, -0.345106, 0.938564, -0.0, 0.0, 0.0, 0.0, 1.0],
                [1.0, -0.0, 1e-06, 0.0, -0.0, 0.703493, 0.710704, 0.37472, -1e-06, -0.710703, 0.703492, -0.0, 0.0, 0.0, 0.0, 1.0],
                [1.0, -1e-06, 0.0, 0.0, -0.0, 0.035722, 0.999363, 0.37472, -1e-06, -0.999361, 0.03572, 0.0, 0.0, 0.0, 0.0, 1.0],
                [1.0, -0.0, 1e-06, -0.0, -0.0, 0.766294, 0.642489, 0.37472, -1e-06, -0.642493, 0.766295, 0.0, 0.0, 0.0, 0.0, 1.0],
                [1.0, -1e-06, 0.0, 0.000389, -0.0, -0.065926, 0.997826, 0.375214, -1e-06, -0.997823, -0.065927, -0.000519, 0.0, 0.0, 0.0, 1.0],
                [1.0, 0.0, 1e-06, 0.0, 1e-06, 0.936319, 0.351151, 0.374924, 0.0, -0.351152, 0.936318, -3.1e-05, 0.0, 0.0, 0.0, 1.0],
                [1.0, -0.0, 1e-06, -0.0, -0.0, 0.938565, 0.345103, 0.37472, -1e-06, -0.345104, 0.938564, 0.0, 0.0, 0.0, 0.0, 1.0]
            ]
        },
        {
            "name": "Knee_R",
            "time": [0.0, 0.0833, 0.1667, 0.25, 0.2667, 0.4833, 0.5],
            "transform": [
                [1.0, 0.0, -0.0, -0.0, -0.0, 1e-06, -1.0, 0.37472, -0.0, 1.0, 1e-06, 0.0, 0.0, 0.0, 0.0, 1.0],
                [1.0, 0.0, -0.0, 0.0, -0.0, 1e-06, -1.0, 0.402756, -0.0, 1.0, 1e-06, -0.0, 0.0, 0.0, 0.0, 1.0],
                [1.0, 0.0, -0.0, 0.0, -0.0, 1e-06, -1.0, 0.480967, -0.0, 1.0, 1e-06, 0.0, 0.0, 0.0, 0.0, 1.0],
                [1.0, 0.0, -0.0, 0.0, -0.0, 1e-06, -1.0, 0.393013, -0.0, 1.0, 1e-06, 0.0, 0.0, 0.0, 0.0, 1.0],
                [1.0, 0.0, -0.0, 0.0, -0.0, 1e-06, -1.0, 0.484955, -0.0, 1.0, 1e-06, -0.000122, 0.0, 0.0, 0.0, 1.0],
                [1.0, 0.0, -0.0, 0.000305, -0.0, 1e-06, -1.0, 0.374985, -0.0, 1.0, 1e-06, -4e-06, 0.0, 0.0, 0.0, 1.0],
                [1.0, 0.0, -0.0, -0.0, -0.0, 1e-06, -1.0, 0.37472, -0.0, 1.0, 1e-06, -0.0, 0.0, 0.0, 0.0, 1.0]
            ]
        },
        {
            "name": "Thigh_L",
            "time": [0.0, 0.0833, 0.1667, 0.25, 0.2667, 0.4833, 0.5],
            "transform": [
                [0.796139, -0.267957, -0.542552, -0.125006, -0.071485, -0.931983, 0.355384, -0.002831, -0.600876, -0.244146, -0.761142, -1.2e-05, 0.0, 0.0, 0.0, 1.0],
                [0.908693, -0.397014, 0.129069, -0.125006, -0.402506, -0.751195, 0.523156, -0.002831, -0.11074, -0.527337, -0.842405, -1.2e-05, 0.0, 0.0, 0.0, 1.0],
                [0.762524, -0.644875, -0.051906, -0.125006, -0.457458, -0.59417, 0.661582, -0.002831, -0.457477, -0.480725, -0.748073, -1.2e-05, 0.0, 0.0, 0.0, 1.0],
                [0.835625, 0.23868, 0.494733, -0.125006, -0.356668, -0.4492, 0.81915, -0.002831, 0.417753, -0.860955, -0.290232, -1.2e-05, 0.0, 0.0, 0.0, 1.0],
                [0.760785, -0.645758, -0.064844, -0.125153, -0.453272, -0.600193, 0.659023, -0.002304, -0.464486, -0.471979, -0.749321, -6.1e-05, 0.0, 0.0, 0.0, 1.0],
                [0.806872, -0.26503, -0.527937, -0.124931, -0.061403, -0.926498, 0.371257, -0.003109, -0.587524, -0.267136, -0.763837, 0.001129, 0.0, 0.0, 0.0, 1.0],
                [0.796139, -0.267956, -0.542553, -0.125006, -0.071485, -0.931984, 0.355383, -0.00283, -0.600876, -0.244145, -0.761142, -1.2e-05, 0.0, 0.0, 0.0, 1.0]
            ]
        },
        {
            "name": "Leg_L",
            "time": [0.0, 0.0833, 0.1667, 0.25, 0.2667, 0.4833, 0.5],
            "transform": [
                [1.0, -0.0, 1e-06, 0.0, -0.0, 0.902897, 0.429855, 0.37472, -1e-06, -0.429856, 0.902899, 0.0, 0.0, 0.0, 0.0, 1.0],
                [1.0, -0.0, 1e-06, -0.0, -0.0, 0.731318, 0.682036, 0.37472, -1e-06, -0.682037, 0.73132, -0.0, 0.0, 0.0, 0.0, 1.0],
                [1.0, -1e-06, 1e-06, -0.0, -0.0, 0.561976, 0.827154, 0.37472, -1e-06, -0.827154, 0.561977, 0.0, 0.0, 0.0, 0.0, 1.0],
                [1.0, -1e-06, 0.0, 0.0, -0.0, 0.008819, 0.999965, 0.37472, -1e-06, -0.999958, 0.008817, -0.0, 0.0, 0.0, 0.0, 1.0],
                [1.0, -0.0, 1e-06, 0.000214, -0.0, 0.560494, 0.828157, 0.374664, -1e-06, -0.828159, 0.560496, -0.000229, 0.0, 0.0, 0.0, 1.0],
                [1.000001, 1e-06, 1e-06, 0.000946, -0.0, 0.895955, 0.444143, 0.375244, -1e-06, -0.444145, 0.895956, 0.000946, 0.0, 0.0, 0.0, 1.0],
                [1.0, -0.0, 1e-06, -0.0, -0.0, 0.902898, 0.429854, 0.37472, -1e-06, -0.429855, 0.902899, 0.0, 0.0, 0.0, 0.0, 1.0]
            ]
        },
        {
            "name": "Knee_L",
            "time": [0.0, 0.0833, 0.1667, 0.25, 0.2667, 0.4833, 0.5],
            "transform": [
                [1.0, 0.0, -0.0, 0.0, -0.0, 1e-06, -1.0, 0.37472, -0.0, 1.0, 1e-06, 0.0, 0.0, 0.0, 0.0, 1.0],
                [1.0, -0.0, -0.0, -0.0, -0.0, 1e-06, -1.0, 0.398559, 0.0, 1.0, 1e-06, -0.0, 0.0, 0.0, 0.0, 1.0],
                [1.0, 0.0, -0.0, 0.0, -0.0, 1e-06, -1.0, 0.422034, -0.0, 1.0, 0.0, -0.0, 0.0, 0.0, 0.0, 1.0],
                [1.0, 0.0, -0.0, 0.0, -0.0, 1e-06, -1.0, 0.483794, -0.0, 1.0, 1e-06, -0.0, 0.0, 0.0, 0.0, 1.0],
                [1.0, 0.0, -0.0, -0.000107, -0.0, 1e-06, -1.0, 0.421799, -0.0, 1.0, 0.0, -0.000107, 0.0, 0.0, 0.0, 1.0],
                [1.000001, -0.0, 0.0, 6.1e-05, 0.0, -1e-06, -1.0, 0.374084, 0.0, 1.000001, -1e-06, 0.000427, 0.0, 0.0, 0.0, 1.0],
                [1.0, -0.0, -0.0, -0.0, -0.0, 1e-06, -1.0, 0.37472, 0.0, 1.0, 1e-06, 0.0, 0.0, 0.0, 0.0, 1.0]
            ]
        },
        {
            "name": "Torso",
            "time": [0.0, 0.0833, 0.1667, 0.25, 0.2667, 0.4833, 0.5],
            "transform": [
                [1.0, 0.0, -0.0, 0.0, 0.0, 1.0, -0.0, 0.05, -0.0, 0.0, 1.0, -0.0, 0.0, 0.0, 0.0, 1.0],
                [0.982754, 0.106693, -0.151033, -0.0, -0.1031, 0.994174, 0.031443, 0.05, 0.153508, -0.015329, 0.988029, 0.0, 0.0, 0.0, 0.0, 1.0],
                [0.984818, 0.100053, -0.141854, 0.0, -0.09689, 0.994871, 0.029046, 0.05, 0.144033, -0.014861, 0.989461, -0.0, 0.0, 0.0, 0.0, 1.0],
                [0.984818, 0.100053, -0.141854, 0.0, -0.09689, 0.994871, 0.029046, 0.05, 0.144033, -0.014861, 0.989461, 0.0, 0.0, 0.0, 0.0, 1.0],
                [0.985442, 0.097958, -0.138953, -3.1e-05, -0.094925, 0.995082, 0.028302, 0.050262, 0.141042, -0.0147, 0.989894, -9.2e-05, 0.0, 0.0, 0.0, 1.0],
                [0.999999, 0.000921, -0.001337, -6.9e-05, -0.000921, 1.0, 0.000206, 0.049739, 0.001337, -0.000205, 0.999999, 0.001343, 0.0, 0.0, 0.0, 1.0],
                [1.0, 0.0, -0.0, -0.0, 0.0, 1.0, -0.0, 0.05, -0.0, 0.0, 1.0, -0.0, 0.0, 0.0, 0.0, 1.0]
            ]
        },
        {
            "name": "Chest",
            "time": [0.0, 0.0833, 0.1667, 0.25, 0.2667, 0.4833, 0.5],
            "transform": [
                [0.939083, 0.0, 0.34369, 0.0, 0.0, 1.0, -0.0, 0.3, -0.34369, 0.0, 0.939083, -0.0, 0.0, 0.0, 0.0, 1.0],
                [0.755758, -0.069248, 0.65118, 0.0, -0.200644, 0.92208, 0.330923, 0.3, -0.623356, -0.380753, 0.682975, 0.0, 0.0, 0.0, 0.0, 1.0],
                [0.770142, -0.060812, 0.634967, -0.0, -0.184971, 0.931382, 0.313549, 0.3, -0.610464, -0.358928, 0.706048, 0.0, 0.0, 0.0, 0.0, 1.0],
                [0.770142, -0.060812, 0.634967, 0.0, -0.184971, 0.931382, 0.313549, 0.3, -0.610464, -0.358928, 0.706048, -0.0, 0.0, 0.0, 0.0, 1.0],
                [0.774617, -0.058257, 0.629742, -9.2e-05, -0.180094, 0.934202, 0.307947, 0.299641, -0.606247, -0.351954, 0.713157, -3.1e-05, 0.0, 0.0, 0.0, 1.0],
                [0.938013, 1.9e-05, 0.346599, -8.4e-05, -0.001181, 0.999994, 0.003142, 0.29953, -0.346597, -0.003356, 0.938008, -0.000504, 0.0, 0.0, 0.0, 1.0],
                [0.939083, 0.0, 0.34369, 0.0, 0.0, 1.0, -0.0, 0.3, -0.34369, 0.0, 0.939083, -0.0, 0.0, 0.0, 0.0, 1.0]
            ]
        },
        {
            "name": "Head",
            "time": [0.0, 0.0833, 0.1667, 0.25, 0.2667, 0.4833, 0.5],
            "transform": [
                [0.822519, -0.003516, -0.568726, 0.0, -0.019484, 0.99922, -0.034357, 0.4, 0.568404, 0.03934, 0.821809, -0.0, 0.0, 0.0, 0.0, 1.0],
                [0.563898, -0.061913, -0.823521, -0.0, -0.074672, 0.989279, -0.125506, 0.4, 0.822462, 0.132266, 0.553229, -0.0, 0.0, 0.0, 0.0, 1.0],
                [0.582549, -0.057316, -0.810772, -0.0, -0.070294, 0.99022, -0.120509, 0.4, 0.809751, 0.127195, 0.572823, 0.0, 0.0, 0.0, 0.0, 1.0],
                [0.582549, -0.057316, -0.810773, 0.0, -0.070294, 0.99022, -0.120509, 0.4, 0.809751, 0.127195, 0.572823, 0.0, 0.0, 0.0, 0.0, 1.0],
                [0.588373, -0.05589, -0.806656, 0.0, -0.068937, 0.990509, -0.118911, 0.400238, 0.805646, 0.125572, 0.578936, 2.3e-05, 0.0, 0.0, 0.0, 1.0],
                [0.820717, -0.003867, -0.571323, 0.000153, -0.019811, 0.999183, -0.035222, 0.399041, 0.570992, 0.040225, 0.819969, 0.000549, 0.0, 0.0, 0.0, 1.0],
                [0.822519, -0.003516, -0.568726, -0.0, -0.019484, 0.99922, -0.034357, 0.4, 0.568404, 0.03934, 0.821809, -0.0, 0.0, 0.0, 0.0, 1.0]
            ]
        },
        {
            "name": "Shoulder_R",
            "time": [0.0, 0.0833, 0.1667, 0.25, 0.2667, 0.4833, 0.5],
            "transform": [
                [0.066118, 0.971228, 0.228789, 0.0, -0.017325, -0.228139, 0.973474, 0.4, 0.997661, -0.068328, 0.001742, -0.0, 0.0, 0.0, 0.0, 1.0],
                [0.043442, 0.925622, 0.375948, -0.0, -0.06491, -0.372893, 0.925601, 0.4, 0.996945, -0.064613, 0.043883, -0.0, 0.0, 0.0, 0.0, 1.0],
                [0.045055, 0.929089, 0.367101, -0.0, -0.062076, -0.36416, 0.929265, 0.4, 0.997054, -0.064656, 0.041267, 0.0, 0.0, 0.0, 0.0, 1.0],
                [0.045055, 0.929089, 0.367101, 0.0, -0.062076, -0.36416, 0.929265, 0.4, 0.997054, -0.064656, 0.041267, 0.0, 0.0, 0.0, 0.0, 1.0],
                [0.045558, 0.930165, 0.364303, 0.0, -0.061179, -0.361399, 0.930402, 0.400238, 0.997086, -0.064675, 0.040442, 2.3e-05, 0.0, 0.0, 0.0, 1.0],
                [0.065952, 0.970927, 0.230109, 0.000153, -0.017755, -0.229433, 0.973162, 0.399041, 0.997665, -0.068268, 0.002108, 0.000549, 0.0, 0.0, 0.0, 1.0],
                [0.066118, 0.971228, 0.228789, -0.0, -0.017325, -0.228139, 0.973474, 0.4, 0.997661, -0.068328, 0.001742, -0.0, 0.0, 0.0, 0.0, 1.0]
            ]
        },
        {
            "name": "Arm_R",
            "time": [0.0, 0.0833, 0.1667, 0.25, 0.2667, 0.4833, 0.5],
            "transform": [
                [0.103006, 0.164451, -0.980992, -0.0, 0.908447, 0.386115, 0.160116, 0.393861, 0.405108, -0.907673, -0.109622, 0.0, 0.0, 0.0, 0.0, 1.0],
                [-0.492397, -0.457336, -0.740532, 0.0, 0.023083, 0.843663, -0.536375, 0.393861, 0.870064, -0.281203, -0.404861, 0.0, 0.0, 0.0, 0.0, 1.0],
                [-0.429096, -0.85425, -0.293485, 0.0, 0.075964, 0.289638, -0.954117, 0.393861, 0.900058, -0.431702, -0.059391, -0.0, 0.0, 0.0, 0.0, 1.0],
                [-0.192845, -0.962428, -0.191162, 0.0, -0.49074, 0.263303, -0.830569, 0.39386, 0.849696, -0.06636, -0.523079, 0.0, 0.0, 0.0, 0.0, 1.0],
                [-0.447818, -0.852616, -0.269264, 0.000191, 0.074764, 0.264387, -0.961514, 0.393311, 0.890993, -0.450715, -0.054653, 0.000458, 0.0, 0.0, 0.0, 1.0],
                [0.103589, 0.186969, -0.976888, 0.001556, 0.904351, 0.391138, 0.170756, 0.393585, 0.414026, -0.901139, -0.12857, -0.001366, 0.0, 0.0, 0.0, 1.0],
                [0.103008, 0.164454, -0.980991, 0.0, 0.908447, 0.386115, 0.160119, 0.393861, 0.405108, -0.907672, -0.109625, -1e-06, 0.0, 0.0, 0.0, 1.0]
            ]
        },
        {
            "name": "Hand_R",
            "time": [0.0, 0.0833, 0.1667, 0.25, 0.2667, 0.4833, 0.5],
            "transform": [
                [1.0, 0.0, 0.0, 0.0, -0.0, 0.911088, -0.412213, 0.3, -0.0, 0.412213, 0.911087, 0.0, 0.0, 0.0, 0.0, 1.0],
                [1.0, 0.0, -0.0, -0.0, 0.0, 0.512741, -0.858543, 0.3, -0.0, 0.858543, 0.512741, -0.0, 0.0, 0.0, 0.0, 1.0],
                [1.0, -0.0, 0.0, 0.0, -0.0, 0.842526, -0.538656, 0.3, -0.0, 0.538656, 0.842526, -0.0, 0.0, 0.0, 0.0, 1.0],
                [1.0, 0.0, 0.0, -0.0, 0.0, 0.428052, -0.903754, 0.3, -0.0, 0.903755, 0.428051, -0.0, 0.0, 0.0, 0.0, 1.0],
                [1.0, 0.0, 0.0, 0.000427, 0.0, 0.862253, -0.506478, 0.299591, 0.0, 0.506477, 0.862253, 0.000305, 0.0, 0.0, 0.0, 1.0],
                [1.0, 0.0, 0.0, 0.000549, -0.0, 0.897528, -0.440957, 0.299255, 0.0, 0.440957, 0.897529, 0.000732, 0.0, 0.0, 0.0, 1.0],
                [1.0, 0.0, 0.0, 0.0, -0.0, 0.911084, -0.412222, 0.3, -0.0, 0.412222, 0.911084, 0.0, 0.0, 0.0, 0.0, 1.0]
            ]
        },
        {
            "name": "Tool_R",
            "time": [0.0, 0.0833, 0.1667, 0.25, 0.2667, 0.4833, 0.5],
            "transform": [
                [0.0, 0.0, 0.0, 0.0, 0.0, 0.0, 0.0, 0.272858, 0.0, 0.0, 0.0, 0.0, 0.0, 0.0, 0.0, 1.0],
                [0.1, 0.0, 0.0, 0.0, -0.0, -0.099984, 0.001812, 0.272858, 0.0, -0.001812, -0.099924, -0.0, 0.0, 0.0, 0.0, 1.0],
                [0.093823, 0.0, 0.0, -0.0, 0.0, -0.093807, 0.0017, 0.272858, 0.0, -0.0017, -0.093752, 0.0, 0.0, 0.0, 0.0, 1.0],
                [0.093823, 0.0, 0.0, 0.0, 0.0, -0.093807, 0.0017, 0.272858, 0.0, -0.0017, -0.093752, 0.0, 0.0, 0.0, 0.0, 1.0],
                [0.091874, 0.0, 0.0, 3.1e-05, 0.0, -0.091859, 0.001665, 0.273041, 0.0, -0.001665, -0.091805, -0.000395, 0.0, 0.0, 0.0, 1.0],
                [0.000877, 0.0, 0.0, 6.1e-05, 0.0, -0.000877, 1.6e-05, 0.273272, 0.0, -1.6e-05, -0.000877, -9.2e-05, 0.0, 0.0, 0.0, 1.0],
                [0.0, 0.0, 0.0, -0.0, 0.0, 0.0, 0.0, 0.272858, 0.0, 0.0, 0.0, 0.0, 0.0, 0.0, 0.0, 1.0]
            ]
        },
        {
            "name": "Elbow_R",
            "time": [0.0, 0.0833, 0.1667, 0.25, 0.2667, 0.4833, 0.5],
            "transform": [
                [-1.0, 0.0, -0.0, 0.0, 0.0, 0.0, -1.0, 0.35014, -0.0, -1.0, 0.0, 0.0, 0.0, 0.0, 0.0, 1.0],
                [-1.0, 0.0, -0.0, -0.0, 0.0, -0.0, -1.0, 0.407073, -0.0, -1.0, 0.0, -0.0, 0.0, 0.0, 0.0, 1.0],
                [-1.0, 0.0, 0.0, 0.0, 0.0, -0.0, -1.0, 0.363631, -0.0, -1.0, 0.0, -0.0, 0.0, 0.0, 0.0, 1.0],
                [-1.0, 0.0, -0.0, -0.0, 0.0, -0.0, -1.0, 0.416073, -0.0, -1.0, 0.0, -0.0, 0.0, 0.0, 0.0, 1.0],
                [-1.0, 0.0, -0.0, 0.000244, 0.0, 0.0, -1.0, 0.359978, -0.0, -1.0, -0.0, -0.000183, 0.0, 0.0, 0.0, 1.0],
                [-1.0, 0.0, 0.0, 3.1e-05, -0.0, -0.0, -1.0, 0.353043, -0.0, -1.0, 0.0, 0.001251, 0.0, 0.0, 0.0, 1.0],
                [-1.0, 0.0, -0.0, 1e-06, 0.0, -0.0, -1.0, 0.350141, -0.0, -1.0, 0.0, 1e-06, 0.0, 0.0, 0.0, 1.0]
            ]
        },
        {
            "name": "Shoulder_L",
            "time": [0.0, 0.0833, 0.1667, 0.25, 0.2667, 0.4833, 0.5],
            "transform": [
                [0.129877, -0.96538, -0.226214, 0.0, -0.1509, -0.244733, 0.957776, 0.4, -0.97998, -0.090257, -0.177461, -0.0, 0.0, 0.0, 0.0, 1.0],
                [0.268514, -0.931747, -0.244434, -0.0, -0.074704, -0.273131, 0.959072, 0.4, -0.960375, -0.239264, -0.142945, -0.0, 0.0, 0.0, 0.0, 1.0],
                [0.260122, -0.934454, -0.243169, -0.0, -0.07954, -0.27172, 0.959084, 0.4, -0.962294, -0.230137, -0.145007, 0.0, 0.0, 0.0, 0.0, 1.0],
                [0.260122, -0.934455, -0.243169, 0.0, -0.07954, -0.27172, 0.959084, 0.4, -0.962294, -0.230137, -0.145007, 0.0, 0.0, 0.0, 0.0, 1.0],
                [0.257469, -0.935292, -0.242774, 0.0, -0.081062, -0.271265, 0.959085, 0.400238, -0.96288, -0.227255, -0.145659, 2.3e-05, 0.0, 0.0, 0.0, 1.0],
                [0.131111, -0.965181, -0.226352, 0.000153, -0.150255, -0.245032, 0.957801, 0.399041, -0.979915, -0.091568, -0.177149, 0.000549, 0.0, 0.0, 0.0, 1.0],
                [0.129877, -0.96538, -0.226214, -0.0, -0.1509, -0.244733, 0.957776, 0.4, -0.97998, -0.090257, -0.177461, -0.0, 0.0, 0.0, 0.0, 1.0]
            ]
        },
        {
            "name": "Arm_L",
            "time": [0.0, 0.0833, 0.1667, 0.25, 0.2667, 0.4833, 0.5],
            "transform": [
                [0.014251, -0.026781, 0.99954, -0.0, -0.92468, 0.380027, 0.023365, 0.39386, -0.380479, -0.924587, -0.019347, -0.0, 0.0, 0.0, 0.0, 1.0],
                [-0.155813, 0.120026, 0.980467, 0.0, -0.700965, 0.685916, -0.195364, 0.39386, -0.695967, -0.717712, -0.02274, -0.0, 0.0, 0.0, 0.0, 1.0],
                [-0.089863, -0.048506, 0.994772, -0.0, -0.636441, 0.771069, -0.019895, 0.39386, -0.766073, -0.634901, -0.100162, 0.0, 0.0, 0.0, 0.0, 1.0],
                [-0.004728, -0.094256, 0.995536, -0.0, -0.671305, 0.738172, 0.066701, 0.393861, -0.741165, -0.667994, -0.066764, -0.0, 0.0, 0.0, 0.0, 1.0],
                [-0.097026, -0.06288, 0.993294, -0.000237, -0.642556, 0.766105, -0.014268, 0.39386, -0.760071, -0.639632, -0.114737, -0.000153, 0.0, 0.0, 0.0, 1.0],
                [0.013125, -0.013519, 0.999822, -0.004211, -0.92781, 0.372659, 0.017216, 0.395294, -0.372827, -0.927869, -0.007652, -0.001373, 0.0, 0.0, 0.0, 1.0],
                [0.014251, -0.026777, 0.99954, 1e-06, -0.92468, 0.380028, 0.023364, 0.39386, -0.380479, -0.924586, -0.019344, 0.0, 0.0, 0.0, 0.0, 1.0]
            ]
        },
        {
            "name": "Hand_L",
            "time": [0.0, 0.0833, 0.1667, 0.25, 0.2667, 0.4833, 0.5],
            "transform": [
                [1.0, 0.0, 0.0, 0.0, 0.0, 0.933736, -0.357963, 0.3, -0.0, 0.357962, 0.933735, 0.0, 0.0, 0.0, 0.0, 1.0],
                [1.0, 0.0, -0.0, 0.0, 0.0, 0.626359, -0.779535, 0.3, 0.0, 0.779534, 0.626359, -0.0, 0.0, 0.0, 0.0, 1.0],
                [1.0, 0.0, 0.0, 0.0, 0.0, 0.73813, -0.674658, 0.3, -0.0, 0.674658, 0.73813, -0.0, 0.0, 0.0, 0.0, 1.0],
                [1.0, 0.0, 0.0, 0.0, -0.0, 0.687146, -0.726519, 0.3, 0.0, 0.726519, 0.687146, 0.0, 0.0, 0.0, 0.0, 1.0],
                [1.0, 0.0, -0.0, -9.2e-05, 0.0, 0.735592, -0.677425, 0.30014, 0.0, 0.677425, 0.735592, -0.000137, 0.0, 0.0, 0.0, 1.0],
                [0.999999, -0.0, -0.0, 0.000641, -0.0, 0.92654, -0.376195, 0.30076, -1e-06, 0.376195, 0.92654, 0.00116, 0.0, 0.0, 0.0, 1.0],
                [1.0, 0.0, 0.0, 0.0, 0.0, 0.933739, -0.357957, 0.300001, 0.0, 0.357956, 0.933738, -0.0, 0.0, 0.0, 0.0, 1.0]
            ]
        },
        {
            "name": "Tool_L",
            "time": [0.0, 0.0833, 0.1667, 0.25, 0.2667, 0.4833, 0.5],
            "transform": [
                [0.946147, -0.312142, 0.085871, 0.0, -0.321532, -0.936952, 0.136887, 0.277531, 0.037703, -0.157043, -0.986276, 0.012893, 0.0, 0.0, 0.0, 1.0],
                [1.0, -0.0, 0.0, -0.0, 0.0, -0.800359, -0.599521, 0.277531, 0.0, 0.59916, -0.799894, 0.012893, 0.0, 0.0, 0.0, 1.0],
                [0.999791, -0.02033, -0.002143, -0.0, -0.018034, -0.827771, -0.560776, 0.277531, 0.009621, 0.560358, -0.827484, 0.012893, 0.0, 0.0, 0.0, 1.0],
                [0.999791, -0.02033, -0.002143, -0.0, -0.018034, -0.827771, -0.560776, 0.277531, 0.009621, 0.560358, -0.827484, 0.012893, 0.0, 0.0, 0.0, 1.0],
                [0.999637, -0.026802, -0.002621, -6.1e-05, -0.023852, -0.836009, -0.548198, 0.277283, 0.012494, 0.54773, -0.835859, 0.012817, 0.0, 0.0, 0.0, 1.0],
                [0.947001, -0.310013, 0.084142, 0.000275, -0.31891, -0.938757, 0.130505, 0.277483, 0.038505, -0.150343, -0.987288, 0.014175, 0.0, 0.0, 0.0, 1.0],
                [0.946147, -0.312142, 0.085871, -0.0, -0.321532, -0.936952, 0.136887, 0.277531, 0.037703, -0.157043, -0.986276, 0.012893, 0.0, 0.0, 0.0, 1.0]
            ]
        },
        {
            "name": "Elbow_L",
            "time": [0.0, 0.0833, 0.1667, 0.25, 0.2667, 0.4833, 0.5],
            "transform": [
                [-1.0, 0.0, -0.0, 0.0, 0.0, -0.0, -1.0, 0.34463, -0.0, -1.0, -0.0, 0.0, 0.0, 0.0, 0.0, 1.0],
                [-1.0, 0.0, -0.0, 0.0, 0.0, -0.0, -1.0, 0.394094, -0.0, -1.0, 0.0, -0.0, 0.0, 0.0, 0.0, 1.0],
                [-1.0, 0.0, -0.0, 0.0, -0.0, -0.0, -1.0, 0.379717, -0.0, -1.0, -0.0, -0.0, 0.0, 0.0, 0.0, 1.0],
                [-1.0, 0.0, 0.0, 0.0, 0.0, -0.0, -1.0, 0.386534, -0.0, -1.0, -0.0, 0.0, 0.0, 0.0, 0.0, 1.0],
                [-1.0, 0.0, -0.0, 0.0, 0.0, -0.0, -1.0, 0.380524, -0.0, -1.0, 0.0, 5.3e-05, 0.0, 0.0, 0.0, 1.0],
                [-1.0, 1e-06, 0.0, 3.1e-05, -0.0, -0.0, -1.0, 0.346692, -0.0, -1.0, 0.0, 0.001038, 0.0, 0.0, 0.0, 1.0],
                [-1.0, 0.0, -0.0, -0.0, 0.0, -0.0, -1.0, 0.34463, -0.0, -1.0, 0.0, -0.0, 0.0, 0.0, 0.0, 1.0]
            ]
        }
    ]
}