{
    "animation": [
        {
            "name": "Root",
            "time": [0.0, 0.05, 0.1167, 0.1833, 0.25, 0.2667, 0.4833, 0.5],
            "transform": [
                [0.962859, -0.011225, 0.26977, -0.058326, 0.268922, 0.129205, -0.954456, -0.039955, -0.024142, 0.991554, 0.127425, 0.731243, 0.0, 0.0, 0.0, 1.0],
                [0.767912, 0.047046, -0.638825, 0.043407, -0.640436, 0.075654, -0.764276, 0.033261, 0.012373, 0.996024, 0.088226, 0.649307, 0.0, 0.0, 0.0, 1.0],
                [-0.01921, 0.003497, -0.99981, 0.261575, -0.99981, -0.003535, 0.019197, 0.118449, -0.003468, 0.999988, 0.003564, 0.517889, 0.0, 0.0, 0.0, 1.0],
                [-0.01921, 0.003497, -0.99981, 0.490386, -0.99981, -0.003535, 0.019197, 0.104776, -0.003468, 0.999988, 0.003564, 0.511093, 0.0, 0.0, 0.0, 1.0],
                [-0.01921, 0.003497, -0.99981, 0.774679, -0.99981, -0.003535, 0.019197, 0.085953, -0.003468, 0.999988, 0.003564, 0.504281, 0.0, 0.0, 0.0, 1.0],
                [-3e-06, 4e-06, -0.001, 0.905565, -0.001, -3e-06, 3e-06, 0.144062, -3e-06, 0.001, 4e-06, 0.367464, 0.0, 0.0, 0.0, 1.0],
                [0.000957, -1e-05, 0.000252, 3.915606, 0.000251, 0.000127, -0.000949, -0.004572, -2.3e-05, 0.000981, 0.000126, 0.486471, 0.0, 0.0, 0.0, 1.0],
                [0.962859, -0.011225, 0.26977, 3.941674, 0.268922, 0.129205, -0.954456, -0.039955, -0.024142, 0.991554, 0.127425, 0.731243, 0.0, 0.0, 0.0, 1.0]
            ]
        },
        {
            "name": "Thigh_R",
            "time": [0.0, 0.05, 0.1167, 0.1833, 0.25, 0.2667, 0.4833, 0.5],
            "transform": [
                [0.875042, 0.343277, 0.341261, 0.124994, 0.153788, -0.865651, 0.47644, -0.002831, 0.458967, -0.364423, -0.810276, -1.2e-05, 0.0, 0.0, 0.0, 1.0],
                [0.998654, 0.005268, -0.051593, 0.124994, 0.040712, -0.696012, 0.716875, -0.002831, -0.03213, -0.718007, -0.69529, -1.2e-05, 0.0, 0.0, 0.0, 1.0],
                [0.949347, 0.312382, -0.033965, 0.124994, 0.238624, -0.64638, 0.724743, -0.002831, 0.204445, -0.696135, -0.688182, -1.2e-05, 0.0, 0.0, 0.0, 1.0],
                [0.937853, 0.33854, 0.07628, 0.124994, 0.300671, -0.902449, 0.30852, -0.002831, 0.173286, -0.266407, -0.948154, -1.2e-05, 0.0, 0.0, 0.0, 1.0],
                [0.955768, 0.200938, 0.214773, 0.124994, 0.282957, -0.827476, -0.48499, -0.002831, 0.080265, 0.524315, -0.847735, -1.2e-05, 0.0, 0.0, 0.0, 1.0],
                [0.961197, 0.101653, 0.256446, 0.125092, 0.264519, -0.603483, -0.752219, -0.002979, 0.078293, 0.79087, -0.606957, 3.2e-05, 0.0, 0.0, 0.0, 1.0],
                [0.874495, 0.342587, 0.343348, 0.125016, 0.15603, -0.868958, 0.46964, -0.002777, 0.459251, -0.357125, -0.813357, 3e-05, 0.0, 0.0, 0.0, 1.0],
                [0.875042, 0.343277, 0.341261, 0.124994, 0.153788, -0.865651, 0.476441, -0.002831, 0.458967, -0.364423, -0.810275, -1.2e-05, 0.0, 0.0, 0.0, 1.0]
            ]
        },
        {
            "name": "Leg_R",
            "time": [0.0, 0.05, 0.1167, 0.1833, 0.25, 0.2667, 0.4833, 0.5],
            "transform": [
                [1.0, -0.0, 1e-06, -0.0, -0.0, 0.938565, 0.345105, 0.37472, -1e-06, -0.345106, 0.938564, -0.0, 0.0, 0.0, 0.0, 1.0],
                [1.0, -1e-06, 1e-06, 0.0, -0.0, 0.471204, 0.882026, 0.37472, -1e-06, -0.882025, 0.471203, 0.0, 0.0, 0.0, 0.0, 1.0],
                [1.0, -1e-06, 0.0, 0.0, -0.0, -0.059576, 0.998226, 0.37472, -1e-06, -0.998222, -0.059578, -0.0, 0.0, 0.0, 0.0, 1.0],
                [1.0, -1e-06, 0.0, -0.0, -0.0, 0.118478, 0.992957, 0.37472, -1e-06, -0.992958, 0.118477, 0.0, 0.0, 0.0, 0.0, 1.0],
                [1.0, -0.0, 1e-06, 0.0, -0.0, 0.865197, 0.501431, 0.37472, -1e-06, -0.501434, 0.865198, 0.0, 0.0, 0.0, 0.0, 1.0],
                [1.0, 0.0, 1e-06, -3.1e-05, -0.0, 0.99999, 0.004584, 0.374712, -1e-06, -0.004583, 0.999989, 1.5e-05, 0.0, 0.0, 0.0, 1.0],
                [1.0, 0.0, 1e-06, 0.000399, -0.0, 0.947437, 0.319944, 0.374676, -1e-06, -0.319945, 0.947436, 0.000117, 0.0, 0.0, 0.0, 1.0],
                [1.0, -0.0, 1e-06, -0.0, -0.0, 0.938564, 0.345105, 0.37472, -1e-06, -0.345106, 0.938564, 0.0, 0.0, 0.0, 0.0, 1.0]
            ]
        },
        {
            "name": "Knee_R",
            "time": [0.0, 0.05, 0.1167, 0.1833, 0.25, 0.2667, 0.4833, 0.5],
            "transform": [
                [1.0, 0.0, -0.0, -0.0, -0.0, 1e-06, -1.0, 0.37472, -0.0, 1.0, 1e-06, 0.0, 0.0, 0.0, 0.0, 1.0],
                [1.0, 0.0, -0.0, 0.0, -0.0, 1e-06, -1.0, 0.433181, -0.0, 1.0, 1e-06, 0.0, 0.0, 0.0, 0.0, 1.0],
                [1.0, 0.0, -0.0, 0.0, -0.0, 1e-06, -1.0, 0.48472, -0.0, 1.0, 1e-06, -0.0, 0.0, 0.0, 0.0, 1.0],
                [1.0, 0.0, -0.0, 0.0, -0.0, 1e-06, -1.0, 0.472246, -0.0, 1.0, 1e-06, 0.0, 0.0, 0.0, 0.0, 1.0],
                [1.0, 0.0, -0.0, -0.0, -0.0, 1e-06, -1.0, 0.374894, -0.0, 1.0, 1e-06, 0.0, 0.0, 0.0, 0.0, 1.0],
                [1.0, 0.0, -0.0, -8e-06, -0.0, 1e-06, -1.0, 0.374763, -0.0, 1.0, 1e-06, 8.8e-05, 0.0, 0.0, 0.0, 1.0],
                [1.0, 0.0, -0.0, -0.000108, -0.0, 1e-06, -1.0, 0.374619, -0.0, 1.0, 1e-06, 4e-05, 0.0, 0.0, 0.0, 1.0],
                [1.0, 0.0, -0.0, -0.0, -0.0, 1e-06, -1.0, 0.37472, -0.0, 1.0, 1e-06, 0.0, 0.0, 0.0, 0.0, 1.0]
            ]
        },
        {
            "name": "Thigh_L",
            "time": [0.0, 0.05, 0.1167, 0.1833, 0.25, 0.2667, 0.4833, 0.5],
            "transform": [
                [0.796139, -0.267957, -0.542552, -0.125006, -0.071485, -0.931983, 0.355384, -0.002831, -0.600876, -0.244146, -0.761142, -1.2e-05, 0.0, 0.0, 0.0, 1.0],
                [0.732192, -0.455463, -0.506408, -0.125006, -0.268369, -0.876294, 0.400108, -0.002831, -0.625995, -0.157046, -0.763847, -1.2e-05, 0.0, 0.0, 0.0, 1.0],
                [0.96351, -0.188776, -0.189772, -0.125006, -0.250994, -0.8835, -0.395511, -0.002831, -0.092998, 0.428711, -0.89864, -1.2e-05, 0.0, 0.0, 0.0, 1.0],
                [0.96675, -0.242748, -0.08043, -0.125006, -0.246903, -0.967925, -0.046455, -0.002831, -0.06657, 0.06477, -0.995675, -1.2e-05, 0.0, 0.0, 0.0, 1.0],
                [0.957144, -0.233608, 0.171179, -0.125006, -0.282103, -0.618359, 0.733518, -0.002831, -0.065502, -0.750371, -0.65776, -1.2e-05, 0.0, 0.0, 0.0, 1.0],
                [0.956589, -0.228582, 0.1808, -0.124958, -0.283147, -0.582003, 0.762298, -0.002961, -0.069018, -0.780398, -0.62146, 3.2e-05, 0.0, 0.0, 0.0, 1.0],
                [0.799092, -0.26683, -0.538751, -0.125283, -0.07776, -0.93446, 0.347471, -0.002787, -0.596156, -0.235763, -0.767469, -0.000268, 0.0, 0.0, 0.0, 1.0],
                [0.796138, -0.267956, -0.542553, -0.125007, -0.071485, -0.931984, 0.355383, -0.002831, -0.600876, -0.244145, -0.761142, -1.2e-05, 0.0, 0.0, 0.0, 1.0]
            ]
        },
        {
            "name": "Leg_L",
            "time": [0.0, 0.05, 0.1167, 0.1833, 0.25, 0.2667, 0.4833, 0.5],
            "transform": [
                [1.0, -0.0, 1e-06, 0.0, -0.0, 0.902897, 0.429855, 0.37472, -1e-06, -0.429856, 0.902899, 0.0, 0.0, 0.0, 0.0, 1.0],
                [1.0, -0.0, 1e-06, -0.0, -0.0, 0.603834, 0.797108, 0.37472, -1e-06, -0.797112, 0.603835, 0.0, 0.0, 0.0, 0.0, 1.0],
                [1.0, -0.0, 1e-06, 0.0, -0.0, 0.798101, 0.602521, 0.37472, -1e-06, -0.602524, 0.798101, -0.0, 0.0, 0.0, 0.0, 1.0],
                [1.0, -1e-06, 1e-06, 0.0, -0.0, 0.404515, 0.914529, 0.37472, -1e-06, -0.914533, 0.404516, 0.0, 0.0, 0.0, 0.0, 1.0],
                [1.0, -1e-06, 0.0, 0.0, -0.0, -0.279804, 0.960057, 0.37472, -1e-06, -0.960057, -0.279805, 0.0, 0.0, 0.0, 0.0, 1.0],
                [1.0, -1e-06, 0.0, 1.5e-05, -0.0, -0.273333, 0.96192, 0.374779, -1e-06, -0.961919, -0.273334, 0.000151, 0.0, 0.0, 0.0, 1.0],
                [1.0, -0.0, 1e-06, 0.000545, -0.0, 0.903583, 0.428412, 0.374563, -1e-06, -0.428412, 0.903585, -1.6e-05, 0.0, 0.0, 0.0, 1.0],
                [1.0, -0.0, 1e-06, 0.0, -0.0, 0.902898, 0.429854, 0.37472, -1e-06, -0.429855, 0.902899, -0.0, 0.0, 0.0, 0.0, 1.0]
            ]
        },
        {
            "name": "Knee_L",
            "time": [0.0, 0.05, 0.1167, 0.1833, 0.25, 0.2667, 0.4833, 0.5],
            "transform": [
                [1.0, 0.0, -0.0, 0.0, -0.0, 1e-06, -1.0, 0.37472, -0.0, 1.0, 1e-06, 0.0, 0.0, 0.0, 0.0, 1.0],
                [1.0, 0.0, -0.0, -0.0, -0.0, 1e-06, -1.0, 0.416621, -0.0, 1.0, 1e-06, 0.0, 0.0, 0.0, 0.0, 1.0],
                [1.0, 0.0, -0.0, 0.0, -0.0, 1e-06, -1.0, 0.387647, -0.0, 1.0, 1e-06, -0.0, 0.0, 0.0, 0.0, 1.0],
                [1.0, 0.0, -0.0, 0.0, -0.0, 1e-06, -1.0, 0.440975, -0.0, 1.0, 1e-06, 0.0, 0.0, 0.0, 0.0, 1.0],
                [1.0, 0.0, -0.0, -0.0, -0.0, 1e-06, -1.0, 0.48472, -0.0, 1.0, 1e-06, -0.0, 0.0, 0.0, 0.0, 1.0],
                [1.0, 0.0, -0.0, 1.9e-05, -0.0, 1e-06, -1.0, 0.484768, -0.0, 1.0, 1e-06, 0.00013, 0.0, 0.0, 0.0, 1.0],
                [1.0, 0.0, -0.0, 0.000574, -0.0, 1e-06, -1.0, 0.374594, -0.0, 1.0, 1e-06, -0.000258, 0.0, 0.0, 0.0, 1.0],
                [1.0, 0.0, -0.0, 0.0, -0.0, 1e-06, -1.0, 0.37472, -0.0, 1.0, 1e-06, -0.0, 0.0, 0.0, 0.0, 1.0]
            ]
        },
        {
            "name": "Torso",
            "time": [0.0, 0.05, 0.1167, 0.1833, 0.25, 0.2667, 0.4833, 0.5],
            "transform": [
                [1.0, 0.0, -0.0, 0.0, 0.0, 1.0, -0.0, 0.05, -0.0, 0.0, 1.0, -0.0, 0.0, 0.0, 0.0, 1.0],
                [0.999966, -0.006195, 0.005485, -0.0, 0.002903, 0.883432, 0.468551, 0.05, -0.007748, -0.468519, 0.883419, 0.0, 0.0, 0.0, 0.0, 1.0],
                [0.999773, -0.014923, 0.015214, 0.0, 0.003656, 0.823429, 0.567407, 0.05, -0.020995, -0.567223, 0.823297, 0.0, 0.0, 0.0, 0.0, 1.0],
                [0.999773, -0.014923, 0.015214, 0.0, 0.003656, 0.823429, 0.567407, 0.05, -0.020995, -0.567223, 0.823297, 0.0, 0.0, 0.0, 0.0, 1.0],
                [0.999773, -0.014923, 0.015214, 0.0, 0.003656, 0.823429, 0.567407, 0.05, -0.020995, -0.567223, 0.823297, 0.0, 0.0, 0.0, 0.0, 1.0],
                [0.999777, -0.014738, 0.015114, 1.2e-05, 0.003683, 0.826744, 0.562566, 0.049979, -0.020787, -0.562385, 0.826614, 2.4e-05, 0.0, 0.0, 0.0, 1.0],
                [1.0, -9.6e-05, 0.000186, -8e-06, 9.5e-05, 0.999983, 0.005837, 0.049994, -0.000187, -0.005837, 0.999983, -2.1e-05, 0.0, 0.0, 0.0, 1.0],
                [1.0, 0.0, -0.0, -0.0, 0.0, 1.0, -0.0, 0.05, -0.0, 0.0, 1.0, 0.0, 0.0, 0.0, 0.0, 1.0]
            ]
        },
        {
            "name": "Chest",
            "time": [0.0, 0.05, 0.1167, 0.1833, 0.25, 0.2667, 0.4833, 0.5],
            "transform": [
                [0.939083, 0.0, 0.34369, 0.0, 0.0, 1.0, -0.0, 0.3, -0.34369, 0.0, 0.939083, -0.0, 0.0, 0.0, 0.0, 1.0],
                [0.999078, -0.0, -0.042933, -0.0, -0.0, 1.0, 0.0, 0.3, 0.042933, 0.0, 0.999078, 0.0, 0.0, 0.0, 0.0, 1.0],
                [0.776781, -0.0, -0.62977, 0.0, 0.0, 1.0, -0.0, 0.3, 0.62977, 0.0, 0.776781, -0.0, 0.0, 0.0, 0.0, 1.0],
                [0.930045, -0.0, -0.367446, -0.0, 0.0, 1.0, 0.0, 0.3, 0.367446, 0.0, 0.930045, -0.0, 0.0, 0.0, 0.0, 1.0],
                [0.988643, 0.0, 0.150286, 0.0, -0.0, 1.0, 0.0, 0.3, -0.150286, 0.0, 0.988643, 0.0, 0.0, 0.0, 0.0, 1.0],
                [0.983028, 0.0, 0.183453, 7e-06, -0.0, 1.0, 0.0, 0.29989, -0.183453, -0.0, 0.983028, 2.3e-05, 0.0, 0.0, 0.0, 1.0],
                [0.939111, 0.0, 0.343613, -0.000164, -0.0, 1.0, -0.0, 0.299985, -0.343613, 0.0, 0.939111, -5.4e-05, 0.0, 0.0, 0.0, 1.0],
                [0.939083, 0.0, 0.34369, -0.0, 0.0, 1.0, -0.0, 0.3, -0.34369, 0.0, 0.939083, 0.0, 0.0, 0.0, 0.0, 1.0]
            ]
        },
        {
            "name": "Head",
            "time": [0.0, 0.05, 0.1167, 0.1833, 0.25, 0.2667, 0.4833, 0.5],
            "transform": [
                [0.822519, -0.003516, -0.568726, 0.0, -0.019484, 0.99922, -0.034357, 0.4, 0.568404, 0.03934, 0.821809, -0.0, 0.0, 0.0, 0.0, 1.0],
                [0.96125, -0.003516, -0.275655, 0.0, -0.007467, 0.99922, -0.038785, 0.4, 0.275577, 0.03934, 0.960474, -0.0, 0.0, 0.0, 0.0, 1.0],
                [0.969683, -0.003516, 0.244342, -0.0, 0.01302, 0.99922, -0.037289, 0.4, -0.24402, 0.03934, 0.968972, 0.0, 0.0, 0.0, 0.0, 1.0],
                [0.969683, -0.003516, 0.244342, 0.0, 0.01302, 0.99922, -0.037289, 0.4, -0.24402, 0.03934, 0.968972, -0.0, 0.0, 0.0, 0.0, 1.0],
                [0.969683, -0.003516, 0.244342, -0.0, 0.01302, 0.99922, -0.037289, 0.4, -0.24402, 0.03934, 0.968972, -0.0, 0.0, 0.0, 0.0, 1.0],
                [0.971645, -0.003516, 0.236419, -1.3e-05, 0.012715, 0.99922, -0.037394, 0.400025, -0.236103, 0.03934, 0.970931, 7.6e-05, 0.0, 0.0, 0.0, 1.0],
                [0.82711, -0.003516, -0.562029, 0.000159, -0.019204, 0.99922, -0.034514, 0.399997, 0.561712, 0.03934, 0.826397, 0.000449, 0.0, 0.0, 0.0, 1.0],
                [0.822519, -0.003516, -0.568726, 0.0, -0.019484, 0.99922, -0.034357, 0.4, 0.568404, 0.03934, 0.821809, -0.0, 0.0, 0.0, 0.0, 1.0]
            ]
        },
        {
            "name": "Shoulder_R",
            "time": [0.0, 0.05, 0.1167, 0.1833, 0.25, 0.2667, 0.4833, 0.5],
            "transform": [
                [0.066118, 0.971228, 0.228789, 0.0, -0.017325, -0.228139, 0.973474, 0.4, 0.997661, -0.068328, 0.001742, -0.0, 0.0, 0.0, 0.0, 1.0],
                [0.066118, 0.971228, 0.228789, 0.0, -0.017325, -0.228139, 0.973474, 0.4, 0.997661, -0.068328, 0.001742, -0.0, 0.0, 0.0, 0.0, 1.0],
                [0.066118, 0.971228, 0.228789, -0.0, -0.017325, -0.228139, 0.973474, 0.4, 0.997661, -0.068328, 0.001742, 0.0, 0.0, 0.0, 0.0, 1.0],
                [0.091569, 0.963936, 0.249884, 0.0, -0.029112, -0.248239, 0.968261, 0.4, 0.995373, -0.095937, 0.005331, -0.0, 0.0, 0.0, 0.0, 1.0],
                [0.126058, 0.952021, 0.278864, -0.0, -0.046186, -0.275169, 0.960285, 0.4, 0.990947, -0.133931, 0.009283, -0.0, 0.0, 0.0, 0.0, 1.0],
                [0.125476, 0.952242, 0.278371, -1.3e-05, -0.045887, -0.274718, 0.960429, 0.400025, 0.991035, -0.133284, 0.009225, 7.6e-05, 0.0, 0.0, 0.0, 1.0],
                [0.066715, 0.971071, 0.229282, 0.000159, -0.017594, -0.228613, 0.973358, 0.399997, 0.997617, -0.068972, 0.001833, 0.000449, 0.0, 0.0, 0.0, 1.0],
                [0.066118, 0.971228, 0.228789, 0.0, -0.017325, -0.228139, 0.973474, 0.4, 0.997661, -0.068328, 0.001742, -0.0, 0.0, 0.0, 0.0, 1.0]
            ]
        },
        {
            "name": "Arm_R",
            "time": [0.0, 0.05, 0.1167, 0.1833, 0.25, 0.2667, 0.4833, 0.5],
            "transform": [
                [-0.001942, 0.186933, -0.982371, -0.0, 0.870279, 0.484188, 0.090415, 0.393861, 0.492555, -0.854761, -0.163624, 0.0, 0.0, 0.0, 0.0, 1.0],
                [0.017274, 0.451312, -0.892199, 0.0, 0.852611, 0.459449, 0.248916, 0.39386, 0.52226, -0.764999, -0.376857, 0.0, 0.0, 0.0, 0.0, 1.0],
                [-0.491522, 0.221379, -0.842257, 0.0, 0.600942, 0.786203, -0.144052, 0.393861, 0.630296, -0.576953, -0.519472, 0.0, 0.0, 0.0, 0.0, 1.0],
                [-0.457776, 0.169391, -0.872781, -0.0, 0.650148, 0.733373, -0.198669, 0.393861, 0.606423, -0.658384, -0.445851, 0.0, 0.0, 0.0, 0.0, 1.0],
                [-0.279477, -0.109043, -0.95394, -0.0, 0.657837, 0.701954, -0.272966, 0.39386, 0.699388, -0.703825, -0.124448, -0.0, 0.0, 0.0, 0.0, 1.0],
                [-0.260104, -0.602679, -0.754403, 1.1e-05, 0.49329, 0.588704, -0.640383, 0.393799, 0.830066, -0.538707, 0.144171, 1.1e-05, 0.0, 0.0, 0.0, 1.0],
                [-0.014538, 0.182997, -0.983005, 0.00045, 0.871625, 0.484052, 0.077219, 0.394098, 0.489957, -0.855689, -0.166542, -0.000164, 0.0, 0.0, 0.0, 1.0],
                [-0.001941, 0.186935, -0.98237, -0.0, 0.870278, 0.484189, 0.090417, 0.39386, 0.492557, -0.85476, -0.163625, -0.0, 0.0, 0.0, 0.0, 1.0]
            ]
        },
        {
            "name": "Hand_R",
            "time": [0.0, 0.05, 0.1167, 0.1833, 0.25, 0.2667, 0.4833, 0.5],
            "transform": [
                [1.0, 0.0, 0.0, 0.0, -0.0, 0.915312, -0.402745, 0.3, -0.0, 0.402745, 0.915312, -0.0, 0.0, 0.0, 0.0, 1.0],
                [1.0, 0.0, 0.0, -0.0, -0.0, 0.764592, -0.644514, 0.3, 0.0, 0.644515, 0.764592, 0.0, 0.0, 0.0, 0.0, 1.0],
                [1.0, 0.0, 0.0, -0.0, 0.0, 0.67663, -0.736323, 0.3, -0.0, 0.736323, 0.67663, -0.0, 0.0, 0.0, 0.0, 1.0],
                [1.0, 0.0, 0.0, 0.0, 0.0, 0.51245, -0.858718, 0.3, -0.0, 0.858717, 0.51245, 0.0, 0.0, 0.0, 0.0, 1.0],
                [1.0, 0.0, -0.0, -0.0, -0.0, 0.693338, -0.720612, 0.3, -0.0, 0.720613, 0.693338, 0.0, 0.0, 0.0, 0.0, 1.0],
                [1.0, 0.0, 0.0, -0.000107, -0.0, 0.696684, -0.717379, 0.300028, -0.0, 0.717379, 0.696684, -0.000102, 0.0, 0.0, 0.0, 1.0],
                [1.0, 0.0, -0.0, 0.000267, -0.0, 0.89955, -0.436818, 0.300153, -0.0, 0.436817, 0.89955, -0.000224, 0.0, 0.0, 0.0, 1.0],
                [1.0, 0.0, -0.0, 1e-06, 0.0, 0.915312, -0.402747, 0.3, -0.0, 0.402747, 0.915311, 0.0, 0.0, 0.0, 0.0, 1.0]
            ]
        },
        {
            "name": "Tool_R",
            "time": [0.0, 0.05, 0.1167, 0.1833, 0.25, 0.2667, 0.4833, 0.5],
            "transform": [
                [0.0, 0.0, 0.0, 0.0, 0.0, 0.0, 0.0, 0.272858, 0.0, 0.0, 0.0, -0.0, 0.0, 0.0, 0.0, 1.0],
                [0.0, 0.0, 0.0, -0.0, 0.0, 0.0, 0.0, 0.272858, 0.0, 0.0, 0.0, -0.0, 0.0, 0.0, 0.0, 1.0],
                [0.0, 0.0, 0.0, -0.0, 0.0, 0.0, 0.0, 0.272858, 0.0, 0.0, 0.0, -0.0, 0.0, 0.0, 0.0, 1.0],
                [0.0, 0.0, 0.0, -0.0, 0.0, 0.0, 0.0, 0.272858, 0.0, 0.0, 0.0, -0.0, 0.0, 0.0, 0.0, 1.0],
                [0.0, 0.0, 0.0, 0.0, 0.0, 0.0, 0.0, 0.272858, 0.0, 0.0, 0.0, 0.0, 0.0, 0.0, 0.0, 1.0],
                [0.0, 0.0, 0.0, -9.2e-05, 0.0, 0.0, 0.0, 0.272877, 0.0, 0.0, 0.0, 2.3e-05, 0.0, 0.0, 0.0, 1.0],
                [0.0, 0.0, 0.0, -2e-06, 0.0, 0.0, 0.0, 0.272962, 0.0, 0.0, 0.0, -0.000128, 0.0, 0.0, 0.0, 1.0],
                [0.0, 0.0, 0.0, -0.0, 0.0, 0.0, 0.0, 0.272858, 0.0, 0.0, 0.0, -0.0, 0.0, 0.0, 0.0, 1.0]
            ]
        },
        {
            "name": "Elbow_R",
            "time": [0.0, 0.05, 0.1167, 0.1833, 0.25, 0.2667, 0.4833, 0.5],
            "transform": [
                [-1.0, 0.0, -0.0, -0.0, 0.0, 0.0, -1.0, 0.349168, -0.0, -1.0, 0.0, -0.0, 0.0, 0.0, 0.0, 1.0],
                [-1.0, 0.0, 0.0, -0.0, -0.0, -0.0, -1.0, 0.375958, -0.0, -1.0, 0.0, -0.0, 0.0, 0.0, 0.0, 1.0],
                [-1.0, 0.0, -0.0, -0.0, 0.0, 0.0, -1.0, 0.387881, -0.0, -1.0, 0.0, -0.0, 0.0, 0.0, 0.0, 1.0],
                [-1.0, 0.0, -0.0, 0.0, -0.0, -0.0, -1.0, 0.407105, -0.0, -1.0, 0.0, 0.0, 0.0, 0.0, 0.0, 1.0],
                [-1.0, 0.0, -0.0, 0.0, 0.0, 0.0, -1.0, 0.385732, -0.0, -1.0, 0.0, -0.0, 0.0, 0.0, 0.0, 1.0],
                [-1.0, 0.0, -0.0, 4.6e-05, 0.0, -0.0, -1.0, 0.385307, -0.0, -1.0, 0.0, -0.000117, 0.0, 0.0, 0.0, 1.0],
                [-1.0, 0.0, -0.0, -3.9e-05, 0.0, -0.0, -1.0, 0.352665, -0.0, -1.0, 0.0, 0.000394, 0.0, 0.0, 0.0, 1.0],
                [-1.0, 0.0, -0.0, 1e-06, 0.0, -0.0, -1.0, 0.349169, -0.0, -1.0, 0.0, -0.0, 0.0, 0.0, 0.0, 1.0]
            ]
        },
        {
            "name": "Shoulder_L",
            "time": [0.0, 0.05, 0.1167, 0.1833, 0.25, 0.2667, 0.4833, 0.5],
            "transform": [
                [0.129877, -0.96538, -0.226214, 0.0, -0.1509, -0.244733, 0.957776, 0.4, -0.97998, -0.090257, -0.177461, -0.0, 0.0, 0.0, 0.0, 1.0],
                [0.048929, -0.963374, -0.26366, 0.0, -0.290127, -0.266302, 0.91919, 0.4, -0.955737, 0.03152, -0.29253, -0.0, 0.0, 0.0, 0.0, 1.0],
                [-0.068149, -0.937338, -0.341692, -0.0, -0.503652, -0.26332, 0.822798, 0.4, -0.861214, 0.228167, -0.454147, 0.0, 0.0, 0.0, 0.0, 1.0],
                [-0.077861, -0.936186, -0.342772, 0.0, -0.510307, -0.257936, 0.820399, 0.4, -0.85646, 0.238796, -0.45766, -0.0, 0.0, 0.0, 0.0, 1.0],
                [-0.081001, -0.937293, -0.338998, -0.0, -0.511478, -0.252829, 0.82126, 0.4, -0.85547, 0.239913, -0.458926, -0.0, 0.0, 0.0, 0.0, 1.0],
                [-0.079647, -0.938484, -0.336011, -1.3e-05, -0.508133, -0.251775, 0.823657, 0.400025, -0.857588, 0.23634, -0.456822, 7.6e-05, 0.0, 0.0, 0.0, 1.0],
                [0.127638, -0.965521, -0.226885, 0.000159, -0.154551, -0.245323, 0.957042, 0.399997, -0.979705, -0.08709, -0.180534, 0.000449, 0.0, 0.0, 0.0, 1.0],
                [0.129877, -0.96538, -0.226214, 0.0, -0.1509, -0.244733, 0.957776, 0.4, -0.97998, -0.090257, -0.177461, -0.0, 0.0, 0.0, 0.0, 1.0]
            ]
        },
        {
            "name": "Arm_L",
            "time": [0.0, 0.05, 0.1167, 0.1833, 0.25, 0.2667, 0.4833, 0.5],
            "transform": [
                [-0.0309, -0.046143, 0.998457, -0.0, -0.873718, 0.486412, -0.004561, 0.39386, -0.485451, -0.872509, -0.055346, -0.0, 0.0, 0.0, 0.0, 1.0],
                [0.296448, 0.029769, 0.954585, 0.0, -0.797384, 0.557828, 0.230232, 0.393861, -0.525641, -0.829422, 0.189105, 0.0, 0.0, 0.0, 0.0, 1.0],
                [0.145512, 0.471411, 0.869827, 0.0, -0.66055, 0.700816, -0.269312, 0.39386, -0.736546, -0.535376, 0.413369, -0.0, 0.0, 0.0, 0.0, 1.0],
                [0.157953, 0.325407, 0.932288, -0.0, -0.864236, 0.502256, -0.028885, 0.39386, -0.477647, -0.801154, 0.360561, 0.0, 0.0, 0.0, 0.0, 1.0],
                [0.084268, 0.292945, 0.952409, 0.0, -0.732416, 0.666281, -0.140134, 0.39386, -0.675624, -0.685749, 0.270704, -0.0, 0.0, 0.0, 0.0, 1.0],
                [0.055495, 0.480974, 0.874977, 6.1e-05, -0.733248, 0.614428, -0.291245, 0.393839, -0.677692, -0.625413, 0.386771, -0.000126, 0.0, 0.0, 0.0, 1.0],
                [-0.032872, -0.044739, 0.998458, 0.0001, -0.872203, 0.489098, -0.006799, 0.393877, -0.488039, -0.87108, -0.055099, 0.000372, 0.0, 0.0, 0.0, 1.0],
                [-0.030899, -0.046144, 0.998457, -0.0, -0.873718, 0.486411, -0.00456, 0.393861, -0.485451, -0.87251, -0.055346, -0.0, 0.0, 0.0, 0.0, 1.0]
            ]
        },
        {
            "name": "Hand_L",
            "time": [0.0, 0.05, 0.1167, 0.1833, 0.25, 0.2667, 0.4833, 0.5],
            "transform": [
                [1.0, 0.0, 0.0, 0.0, -0.0, 0.917499, -0.397738, 0.3, 0.0, 0.397738, 0.917499, 0.0, 0.0, 0.0, 0.0, 1.0],
                [1.0, -0.0, -0.0, -0.0, 0.0, 0.314781, -0.949165, 0.3, -0.0, 0.949164, 0.314781, -0.0, 0.0, 0.0, 0.0, 1.0],
                [1.0, 0.0, 0.0, -0.0, -0.0, 0.471948, -0.881627, 0.3, 0.0, 0.881625, 0.471948, 0.0, 0.0, 0.0, 0.0, 1.0],
                [1.0, 0.0, 0.0, -0.0, -0.0, 0.572415, -0.819965, 0.3, -0.0, 0.819964, 0.572414, 0.0, 0.0, 0.0, 0.0, 1.0],
                [1.0, 0.0, -0.0, 0.0, 0.0, 0.753562, -0.657377, 0.3, 0.0, 0.657377, 0.753562, 0.0, 0.0, 0.0, 0.0, 1.0],
                [1.0, 0.0, 0.0, 3.1e-05, -0.0, 0.999991, -0.004372, 0.300156, 0.0, 0.004372, 0.99999, 6.3e-05, 0.0, 0.0, 0.0, 1.0],
                [1.0, 0.0, 0.0, -0.0003, -0.0, 0.931292, -0.364275, 0.299944, 0.0, 0.364275, 0.931291, -3.7e-05, 0.0, 0.0, 0.0, 1.0],
                [1.0, 0.0, 0.0, -0.0, -0.0, 0.917498, -0.397741, 0.3, 0.0, 0.39774, 0.917498, 0.0, 0.0, 0.0, 0.0, 1.0]
            ]
        },
        {
            "name": "Tool_L",
            "time": [0.0, 0.05, 0.1167, 0.1833, 0.25, 0.2667, 0.4833, 0.5],
            "transform": [
                [0.995844, 0.030282, 0.085897, -0.0, 0.018311, -0.99042, 0.13687, 0.277531, 0.089167, -0.134659, -0.986276, 0.012893, 0.0, 0.0, 0.0, 1.0],
                [0.995844, 0.030282, 0.085897, -0.0, 0.018311, -0.99042, 0.13687, 0.277531, 0.089167, -0.134659, -0.986276, 0.012893, 0.0, 0.0, 0.0, 1.0],
                [0.995844, 0.030282, 0.085897, -0.0, 0.018311, -0.99042, 0.13687, 0.277531, 0.089167, -0.134659, -0.986276, 0.012893, 0.0, 0.0, 0.0, 1.0],
                [0.995844, 0.030282, 0.085897, -0.0, 0.018311, -0.99042, 0.13687, 0.277531, 0.089167, -0.134659, -0.986276, 0.012894, 0.0, 0.0, 0.0, 1.0],
                [0.995844, 0.030282, 0.085897, 0.0, 0.018312, -0.99042, 0.13687, 0.277531, 0.089167, -0.134659, -0.986276, 0.012893, 0.0, 0.0, 0.0, 1.0],
                [0.995844, 0.030282, 0.085897, 1.5e-05, 0.018312, -0.99042, 0.13687, 0.277496, 0.089167, -0.134659, -0.986276, 0.012808, 0.0, 0.0, 0.0, 1.0],
                [0.995844, 0.030282, 0.085897, 0.000251, 0.018312, -0.99042, 0.13687, 0.277472, 0.089167, -0.134659, -0.986276, 0.012935, 0.0, 0.0, 0.0, 1.0],
                [0.995844, 0.030282, 0.085897, -0.0, 0.018312, -0.99042, 0.13687, 0.277531, 0.089167, -0.134659, -0.986276, 0.012894, 0.0, 0.0, 0.0, 1.0]
            ]
        },
        {
            "name": "Elbow_L",
            "time": [0.0, 0.05, 0.1167, 0.1833, 0.25, 0.2667, 0.4833, 0.5],
            "transform": [
                [-1.0, 0.0, -0.0, 0.0, 0.0, -0.0, -1.0, 0.348656, -0.0, -1.0, -0.0, 0.0, 0.0, 0.0, 0.0, 1.0],
                [-1.0, 0.0, 0.0, -0.0, 0.0, -0.0, -1.0, 0.427516, -0.0, -1.0, 0.0, 0.0, 0.0, 0.0, 0.0, 1.0],
                [-1.0, 0.0, -0.0, 0.0, 0.0, -0.0, -1.0, 0.411466, -0.0, -1.0, -0.0, 0.0, 0.0, 0.0, 0.0, 1.0],
                [-1.0, 0.0, -0.0, -0.0, 0.0, -0.0, -1.0, 0.400413, -0.0, -1.0, 0.0, -0.0, 0.0, 0.0, 0.0, 1.0],
                [-1.0, 0.0, -0.0, -0.0, 0.0, -0.0, -1.0, 0.377546, -0.0, -1.0, -0.0, 0.0, 0.0, 0.0, 0.0, 1.0],
                [-1.0, 0.0, -0.0, 6.1e-05, 0.0, -0.0, -1.0, 0.31089, -0.0, -1.0, 0.0, 0.000113, 0.0, 0.0, 0.0, 1.0],
                [-1.0, 0.0, 0.0, -0.00036, 0.0, 0.0, -1.0, 0.345359, -0.0, -1.0, -0.0, 0.000216, 0.0, 0.0, 0.0, 1.0],
                [-1.0, 0.0, -0.0, 0.0, 0.0, -0.0, -1.0, 0.348657, -0.0, -1.0, -0.0, 0.0, 0.0, 0.0, 0.0, 1.0]
            ]
        }
    ]
}