{
    "animation": [
        {
            "name": "Root",
            "time": [0.0, 0.05, 0.1167, 0.1667, 0.25, 0.2667, 0.4833, 0.5],
            "transform": [
                [0.962859, -0.011225, 0.26977, -0.058326, 0.268922, 0.129205, -0.954456, -0.039955, -0.024142, 0.991554, 0.127425, 0.731243, 0.0, 0.0, 0.0, 1.0],
                [0.645071, -0.026191, 0.763674, -0.138112, 0.763455, 0.063876, -0.642695, -0.037608, -0.031948, 0.997614, 0.0612, 0.662009, 0.0, 0.0, 0.0, 1.0],
                [0.105343, -0.00173, 0.994434, -0.352407, 0.994435, 0.00123, -0.105341, -0.035262, -0.001041, 0.999998, 0.00185, 0.581705, 0.0, 0.0, 0.0, 1.0],
                [0.105343, -0.00173, 0.994434, -0.629814, 0.994435, 0.00123, -0.105341, -0.035262, -0.001041, 0.999998, 0.00185, 0.575246, 0.0, 0.0, 0.0, 1.0],
                [0.105343, -0.00173, 0.994434, -0.959398, 0.994435, 0.00123, -0.105341, -0.035262, -0.001041, 0.999998, 0.00185, 0.522199, 0.0, 0.0, 0.0, 1.0],
                [0.000116, -3e-06, 0.000993, -1.037022, 0.000993, 2e-06, -0.000116, -0.035705, -2e-06, 0.001, 3e-06, 0.409432, 0.0, 0.0, 0.0, 1.0],
                [0.00095, -1.2e-05, 0.000277, -4.027291, 0.000277, 0.000127, -0.000942, -0.005049, -2.4e-05, 0.000981, 0.000125, 0.481846, 0.0, 0.0, 0.0, 1.0],
                [0.962859, -0.011225, 0.26977, -4.058326, 0.268922, 0.129205, -0.954456, -0.039955, -0.024142, 0.991554, 0.127425, 0.731243, 0.0, 0.0, 0.0, 1.0]
            ]
        },
        {
            "name": "Thigh_R",
            "time": [0.0, 0.05, 0.1167, 0.1667, 0.25, 0.2667, 0.4833, 0.5],
            "transform": [
                [0.875042, 0.343277, 0.341261, 0.124994, 0.153788, -0.865651, 0.47644, -0.002831, 0.458967, -0.364423, -0.810276, -1.2e-05, 0.0, 0.0, 0.0, 1.0],
                [0.835316, 0.499602, 0.229434, 0.124994, 0.410239, -0.844265, 0.344849, -0.002831, 0.365991, -0.193933, -0.910186, -1.2e-05, 0.0, 0.0, 0.0, 1.0],
                [0.943349, 0.276897, 0.182804, 0.124994, 0.325119, -0.881433, -0.342601, -0.002831, 0.066264, 0.382629, -0.921522, -1.2e-05, 0.0, 0.0, 0.0, 1.0],
                [0.964936, 0.2601, -0.035262, 0.124994, 0.260656, -0.933703, 0.245474, -0.002831, 0.030925, -0.246055, -0.968761, -1.2e-05, 0.0, 0.0, 0.0, 1.0],
                [0.974813, 0.160712, -0.154626, 0.124994, 0.222778, -0.66919, 0.708912, -0.002831, 0.010459, -0.7255, -0.688139, -1.2e-05, 0.0, 0.0, 0.0, 1.0],
                [0.97612, 0.150409, -0.156731, 0.124981, 0.217026, -0.643962, 0.73363, -0.002838, 0.009417, -0.750122, -0.661229, 0.00026, 0.0, 0.0, 0.0, 1.0],
                [0.8751, 0.345013, 0.339355, 0.125125, 0.158055, -0.86654, 0.473418, -0.002941, 0.457402, -0.360651, -0.812844, 0.000315, 0.0, 0.0, 0.0, 1.0],
                [0.875042, 0.343277, 0.34126, 0.124994, 0.153788, -0.865651, 0.476441, -0.002831, 0.458967, -0.364424, -0.810275, -1.2e-05, 0.0, 0.0, 0.0, 1.0]
            ]
        },
        {
            "name": "Leg_R",
            "time": [0.0, 0.05, 0.1167, 0.1667, 0.25, 0.2667, 0.4833, 0.5],
            "transform": [
                [1.0, -0.0, 1e-06, -0.0, -0.0, 0.938565, 0.345105, 0.37472, -1e-06, -0.345106, 0.938564, -0.0, 0.0, 0.0, 0.0, 1.0],
                [1.0, -0.0, 1e-06, 0.0, -0.0, 0.747817, 0.663906, 0.37472, -1e-06, -0.663907, 0.747816, 0.0, 0.0, 0.0, 0.0, 1.0],
                [1.0, -0.0, 1e-06, -0.0, -0.0, 0.887034, 0.461703, 0.37472, -1e-06, -0.461706, 0.887034, 0.0, 0.0, 0.0, 0.0, 1.0],
                [1.0, -1e-06, 0.0, -0.0, -0.0, 0.328531, 0.944493, 0.37472, -1e-06, -0.944495, 0.328531, 0.0, 0.0, 0.0, 0.0, 1.0],
                [1.0, -1e-06, 0.0, -0.0, -0.0, -0.012138, 0.999928, 0.37472, -1e-06, -0.999925, -0.01214, 0.0, 0.0, 0.0, 0.0, 1.0],
                [1.0, -1e-06, 0.0, -4e-06, -0.0, -0.005046, 0.999989, 0.374738, -1e-06, -0.999986, -0.005048, -3e-06, 0.0, 0.0, 0.0, 1.0],
                [1.0, 0.0, 1e-06, -0.000132, -0.0, 0.937403, 0.348247, 0.374674, -1e-06, -0.348248, 0.937402, 7.2e-05, 0.0, 0.0, 0.0, 1.0],
                [1.0, -0.0, 1e-06, -0.0, -0.0, 0.938564, 0.345107, 0.37472, -1e-06, -0.345108, 0.938563, 0.0, 0.0, 0.0, 0.0, 1.0]
            ]
        },
        {
            "name": "Knee_R",
            "time": [0.0, 0.05, 0.1167, 0.1667, 0.25, 0.2667, 0.4833, 0.5],
            "transform": [
                [1.0, 0.0, -0.0, -0.0, -0.0, 1e-06, -1.0, 0.37472, -0.0, 1.0, 1e-06, 0.0, 0.0, 0.0, 0.0, 1.0],
                [1.0, 0.0, -0.0, -0.0, -0.0, 1e-06, -1.0, 0.395984, -0.0, 1.0, 1e-06, 0.0, 0.0, 0.0, 0.0, 1.0],
                [1.0, 0.0, -0.0, -0.0, -0.0, 1e-06, -1.0, 0.37472, -0.0, 1.0, 1e-06, 0.0, 0.0, 0.0, 0.0, 1.0],
                [1.0, 0.0, -0.0, 0.0, -0.0, 1e-06, -1.0, 0.449557, -0.0, 1.0, 1e-06, -0.0, 0.0, 0.0, 0.0, 1.0],
                [1.0, 0.0, -0.0, 0.0, -0.0, 1e-06, -1.0, 0.48472, -0.0, 1.0, 1e-06, 0.0, 0.0, 0.0, 0.0, 1.0],
                [1.0, 0.0, -0.0, 1.5e-05, -0.0, 1e-06, -1.0, 0.484706, -0.0, 1.0, 1e-06, 7.5e-05, 0.0, 0.0, 0.0, 1.0],
                [1.0, 0.0, -0.0, -0.000132, -0.0, 1e-06, -1.0, 0.374707, -0.0, 1.0, 1e-06, -3.7e-05, 0.0, 0.0, 0.0, 1.0],
                [1.0, 0.0, -0.0, -0.0, -0.0, 1e-06, -1.0, 0.37472, -0.0, 1.0, 1e-06, -0.0, 0.0, 0.0, 0.0, 1.0]
            ]
        },
        {
            "name": "Thigh_L",
            "time": [0.0, 0.05, 0.1167, 0.1667, 0.25, 0.2667, 0.4833, 0.5],
            "transform": [
                [0.796139, -0.267957, -0.542552, -0.125006, -0.071485, -0.931983, 0.355384, -0.002831, -0.600876, -0.244146, -0.761142, -1.2e-05, 0.0, 0.0, 0.0, 1.0],
                [0.938587, -0.290912, -0.185543, -0.125006, -0.129413, -0.795289, 0.592255, -0.002831, -0.319852, -0.531869, -0.784095, -1.2e-05, 0.0, 0.0, 0.0, 1.0],
                [0.985605, -0.14992, 0.078151, -0.125006, -0.161276, -0.695067, 0.700623, -0.002831, -0.050714, -0.703139, -0.709239, -1.2e-05, 0.0, 0.0, 0.0, 1.0],
                [0.979628, -0.189385, -0.066805, -0.125006, -0.158487, -0.933397, 0.321951, -0.002831, -0.123326, -0.304801, -0.944395, -1.2e-05, 0.0, 0.0, 0.0, 1.0],
                [0.938392, -0.116497, -0.325347, -0.125006, -0.269691, -0.83553, -0.478698, -0.002831, -0.21607, 0.536957, -0.815471, -1.2e-05, 0.0, 0.0, 0.0, 1.0],
                [0.875796, -0.030727, -0.481702, -0.125035, -0.353803, -0.719709, -0.597356, -0.002829, -0.328332, 0.693595, -0.641191, 8.3e-05, 0.0, 0.0, 0.0, 1.0],
                [0.797353, -0.270157, -0.53967, -0.125038, -0.073662, -0.931096, 0.35726, -0.002822, -0.598999, -0.245104, -0.762312, 0.00022, 0.0, 0.0, 0.0, 1.0],
                [0.796138, -0.267958, -0.542553, -0.125005, -0.071486, -0.931983, 0.355385, -0.002831, -0.600877, -0.244146, -0.761141, -1.2e-05, 0.0, 0.0, 0.0, 1.0]
            ]
        },
        {
            "name": "Leg_L",
            "time": [0.0, 0.05, 0.1167, 0.1667, 0.25, 0.2667, 0.4833, 0.5],
            "transform": [
                [1.0, -0.0, 1e-06, 0.0, -0.0, 0.902897, 0.429855, 0.37472, -1e-06, -0.429856, 0.902899, 0.0, 0.0, 0.0, 0.0, 1.0],
                [1.0, -0.0, 1e-06, 0.0, -0.0, 0.685854, 0.727739, 0.37472, -1e-06, -0.72774, 0.685855, -0.0, 0.0, 0.0, 0.0, 1.0],
                [1.0, -1e-06, 0.0, 0.0, -0.0, 0.336806, 0.941575, 0.37472, -1e-06, -0.941574, 0.336806, 0.0, 0.0, 0.0, 0.0, 1.0],
                [1.0, -1e-06, 0.0, 0.0, -0.0, 0.364078, 0.931368, 0.37472, -1e-06, -0.93137, 0.364079, -0.0, 0.0, 0.0, 0.0, 1.0],
                [1.0, -0.0, 1e-06, -0.0, -0.0, 0.928253, 0.371947, 0.37472, -1e-06, -0.371949, 0.928255, -0.0, 0.0, 0.0, 0.0, 1.0],
                [1.0, 0.0, 1e-06, 1.1e-05, -0.0, 0.999989, 0.004671, 0.37459, -1e-06, -0.00467, 0.999989, 0.000148, 0.0, 0.0, 0.0, 1.0],
                [1.0, -0.0, 1e-06, 1e-05, -0.0, 0.906644, 0.421895, 0.374727, -1e-06, -0.421896, 0.906646, 0.000147, 0.0, 0.0, 0.0, 1.0],
                [1.0, -0.0, 1e-06, 0.0, -0.0, 0.902897, 0.429854, 0.37472, -1e-06, -0.429855, 0.902899, -1e-06, 0.0, 0.0, 0.0, 1.0]
            ]
        },
        {
            "name": "Knee_L",
            "time": [0.0, 0.05, 0.1167, 0.1667, 0.25, 0.2667, 0.4833, 0.5],
            "transform": [
                [1.0, 0.0, -0.0, 0.0, -0.0, 1e-06, -1.0, 0.37472, -0.0, 1.0, 1e-06, 0.0, 0.0, 0.0, 0.0, 1.0],
                [1.0, 0.0, -0.0, -0.0, -0.0, 1e-06, -1.0, 0.405331, -0.0, 1.0, 1e-06, -0.0, 0.0, 0.0, 0.0, 1.0],
                [1.0, 0.0, -0.0, 0.0, -0.0, 1e-06, -1.0, 0.448636, -0.0, 1.0, 1e-06, 0.0, 0.0, 0.0, 0.0, 1.0],
                [1.0, 0.0, -0.0, 0.0, -0.0, 1e-06, -1.0, 0.445577, -0.0, 1.0, 1e-06, -0.0, 0.0, 0.0, 0.0, 1.0],
                [1.0, 0.0, -0.0, -0.0, -0.0, 1e-06, -1.0, 0.37472, -0.0, 1.0, 1e-06, -0.0, 0.0, 0.0, 0.0, 1.0],
                [1.0, 0.0, -0.0, -8e-06, -0.0, 1e-06, -1.0, 0.374587, -0.0, 1.0, 1e-06, -1.7e-05, 0.0, 0.0, 0.0, 1.0],
                [1.0, 0.0, -0.0, 0.000432, -0.0, 1e-06, -1.0, 0.374601, -0.0, 1.0, 1e-06, -0.000198, 0.0, 0.0, 0.0, 1.0],
                [1.0, 0.0, -0.0, -0.0, -0.0, 1e-06, -1.0, 0.37472, -0.0, 1.0, 1e-06, -0.0, 0.0, 0.0, 0.0, 1.0]
            ]
        },
        {
            "name": "Torso",
            "time": [0.0, 0.05, 0.1167, 0.1667, 0.25, 0.2667, 0.4833, 0.5],
            "transform": [
                [1.0, 0.0, -0.0, 0.0, 0.0, 1.0, -0.0, 0.05, -0.0, 0.0, 1.0, -0.0, 0.0, 0.0, 0.0, 1.0],
                [1.0, -0.0, 0.0, -0.0, -0.0, 0.979574, 0.201087, 0.05, 0.0, -0.201087, 0.979573, -0.0, 0.0, 0.0, 0.0, 1.0],
                [1.0, 0.0, -0.0, -0.0, -0.0, 0.877245, 0.480044, 0.05, -0.0, -0.480044, 0.877245, -0.0, 0.0, 0.0, 0.0, 1.0],
                [1.0, 0.0, -0.0, 0.0, -0.0, 0.815296, 0.579045, 0.05, -0.0, -0.579045, 0.815295, 0.0, 0.0, 0.0, 0.0, 1.0],
                [1.0, 0.0, 0.0, -0.0, -0.0, 0.805701, 0.592323, 0.05, -0.0, -0.592323, 0.805701, 0.0, 0.0, 0.0, 0.0, 1.0],
                [1.0, 0.0, 0.0, -2e-06, -0.0, 0.809313, 0.587377, 0.049993, 0.0, -0.587378, 0.809313, 5.5e-05, 0.0, 0.0, 0.0, 1.0],
                [1.0, -0.0, -0.0, 0.000176, -0.0, 0.999981, 0.006156, 0.049974, -0.0, -0.006156, 0.999981, 0.000254, 0.0, 0.0, 0.0, 1.0],
                [1.0, 0.0, -0.0, -0.0, 0.0, 1.0, -0.0, 0.05, -0.0, 0.0, 1.0, 0.0, 0.0, 0.0, 0.0, 1.0]
            ]
        },
        {
            "name": "Chest",
            "time": [0.0, 0.05, 0.1167, 0.1667, 0.25, 0.2667, 0.4833, 0.5],
            "transform": [
                [0.939083, 0.0, 0.34369, 0.0, 0.0, 1.0, -0.0, 0.3, -0.34369, 0.0, 0.939083, -0.0, 0.0, 0.0, 0.0, 1.0],
                [0.929854, 0.0, 0.36793, -0.0, -0.0, 1.0, -0.0, 0.3, -0.36793, 0.0, 0.929854, 0.0, 0.0, 0.0, 0.0, 1.0],
                [0.919998, -0.0, 0.391922, -0.0, -0.0, 1.0, 0.0, 0.3, -0.391922, 0.0, 0.919998, -0.0, 0.0, 0.0, 0.0, 1.0],
                [0.978451, -0.0, 0.20648, 0.0, 0.0, 1.0, 0.0, 0.3, -0.20648, 0.0, 0.978451, -0.0, 0.0, 0.0, 0.0, 1.0],
                [0.998977, 0.0, 0.045227, 0.0, -0.0, 1.0, -0.0, 0.3, -0.045227, 0.0, 0.998977, 0.0, 0.0, 0.0, 0.0, 1.0],
                [0.998837, 0.0, 0.048213, -1.2e-05, 0.0, 1.0, -0.0, 0.299938, -0.048213, 0.0, 0.998837, 5.5e-05, 0.0, 0.0, 0.0, 1.0],
                [0.940112, 0.0, 0.340866, -6.6e-05, 0.0, 1.0, -0.0, 0.30001, -0.340866, 0.0, 0.940112, 0.00013, 0.0, 0.0, 0.0, 1.0],
                [0.939083, 0.0, 0.34369, 0.0, 0.0, 1.0, -0.0, 0.3, -0.34369, 0.0, 0.939083, -0.0, 0.0, 0.0, 0.0, 1.0]
            ]
        },
        {
            "name": "Head",
            "time": [0.0, 0.05, 0.1167, 0.1667, 0.25, 0.2667, 0.4833, 0.5],
            "transform": [
                [0.822519, -0.003516, -0.568726, 0.0, -0.019484, 0.99922, -0.034357, 0.4, 0.568404, 0.03934, 0.821809, -0.0, 0.0, 0.0, 0.0, 1.0],
                [0.879109, -0.003516, -0.476609, 0.0, -0.015661, 0.99922, -0.036259, 0.4, 0.476364, 0.03934, 0.878367, 0.0, 0.0, 0.0, 0.0, 1.0],
                [0.925423, -0.003516, -0.37892, -0.0, -0.011655, 0.99922, -0.037738, 0.4, 0.378758, 0.03934, 0.92466, 0.0, 0.0, 0.0, 0.0, 1.0],
                [0.925423, -0.003516, -0.37892, -0.0, -0.011655, 0.99922, -0.037738, 0.4, 0.378758, 0.03934, 0.92466, 0.0, 0.0, 0.0, 0.0, 1.0],
                [0.925423, -0.003516, -0.37892, 0.0, -0.011655, 0.99922, -0.037738, 0.4, 0.378758, 0.03934, 0.92466, -0.0, 0.0, 0.0, 0.0, 1.0],
                [0.924617, -0.003516, -0.380881, 2e-06, -0.011735, 0.99922, -0.037713, 0.399957, 0.380717, 0.03934, 0.923854, 6.3e-05, 0.0, 0.0, 0.0, 1.0],
                [0.823729, -0.003516, -0.566972, 9.5e-05, -0.019411, 0.99922, -0.034398, 0.400038, 0.566651, 0.03934, 0.823018, 0.000101, 0.0, 0.0, 0.0, 1.0],
                [0.822519, -0.003516, -0.568726, 0.0, -0.019484, 0.99922, -0.034357, 0.4, 0.568404, 0.03934, 0.821809, 0.0, 0.0, 0.0, 0.0, 1.0]
            ]
        },
        {
            "name": "Shoulder_R",
            "time": [0.0, 0.05, 0.1167, 0.1667, 0.25, 0.2667, 0.4833, 0.5],
            "transform": [
                [0.066118, 0.971228, 0.228789, 0.0, -0.017325, -0.228139, 0.973474, 0.4, 0.997661, -0.068328, 0.001742, -0.0, 0.0, 0.0, 0.0, 1.0],
                [0.066118, 0.971228, 0.228789, 0.0, -0.017325, -0.228139, 0.973474, 0.4, 0.997661, -0.068328, 0.001742, 0.0, 0.0, 0.0, 0.0, 1.0],
                [0.066118, 0.971228, 0.228789, -0.0, -0.017325, -0.228139, 0.973474, 0.4, 0.997661, -0.068328, 0.001742, 0.0, 0.0, 0.0, 0.0, 1.0],
                [-0.091135, 0.940513, 0.327307, -0.0, 0.242174, -0.297877, 0.923375, 0.4, 0.965943, 0.163417, -0.200621, 0.0, 0.0, 0.0, 0.0, 1.0],
                [-0.196128, 0.881925, 0.428651, 0.0, 0.453599, -0.305961, 0.83704, 0.4, 0.869357, 0.358603, -0.340033, -0.0, 0.0, 0.0, 0.0, 1.0],
                [-0.194205, 0.883456, 0.426367, 2e-06, 0.449268, -0.306276, 0.839258, 0.399957, 0.872033, 0.354541, -0.337428, 6.3e-05, 0.0, 0.0, 0.0, 1.0],
                [0.063092, 0.971079, 0.230272, 9.5e-05, -0.012774, -0.229927, 0.973124, 0.400038, 0.997926, -0.064338, -0.002102, 0.000101, 0.0, 0.0, 0.0, 1.0],
                [0.066118, 0.971228, 0.228789, 0.0, -0.017325, -0.228139, 0.973474, 0.4, 0.997661, -0.068328, 0.001742, 0.0, 0.0, 0.0, 0.0, 1.0]
            ]
        },
        {
            "name": "Arm_R",
            "time": [0.0, 0.05, 0.1167, 0.1667, 0.25, 0.2667, 0.4833, 0.5],
            "transform": [
                [0.103006, 0.164451, -0.980992, -0.0, 0.908447, 0.386115, 0.160116, 0.393861, 0.405108, -0.907673, -0.109622, 0.0, 0.0, 0.0, 0.0, 1.0],
                [-0.046553, -0.058264, -0.997215, 0.0, 0.806435, 0.586929, -0.07194, 0.39386, 0.589488, -0.807538, 0.019662, 0.0, 0.0, 0.0, 0.0, 1.0],
                [-0.024416, -0.002534, -0.999698, -0.0, 0.713418, 0.700474, -0.0192, 0.39386, 0.700312, -0.713673, -0.015295, 0.0, 0.0, 0.0, 0.0, 1.0],
                [0.030252, -0.057501, -0.997887, -0.0, 0.733786, 0.679169, -0.01689, 0.393861, 0.678706, -0.731726, 0.062739, -0.0, 0.0, 0.0, 0.0, 1.0],
                [-0.013067, -0.229605, -0.973196, -0.0, 0.623684, 0.758875, -0.187414, 0.39386, 0.781567, -0.609418, 0.133284, 0.0, 0.0, 0.0, 0.0, 1.0],
                [-0.041968, -0.12525, -0.991237, -1.4e-05, 0.654133, 0.746472, -0.122018, 0.393789, 0.755215, -0.653522, 0.050602, 0.000135, 0.0, 0.0, 0.0, 1.0],
                [0.106337, 0.176199, -0.978594, 0.000683, 0.907436, 0.385161, 0.167954, 0.394137, 0.40651, -0.905871, -0.118933, 1.7e-05, 0.0, 0.0, 0.0, 1.0],
                [0.103007, 0.16445, -0.980992, 0.0, 0.908448, 0.386115, 0.160117, 0.39386, 0.405108, -0.907673, -0.109622, 0.0, 0.0, 0.0, 0.0, 1.0]
            ]
        },
        {
            "name": "Hand_R",
            "time": [0.0, 0.05, 0.1167, 0.1667, 0.25, 0.2667, 0.4833, 0.5],
            "transform": [
                [1.0, 0.0, 0.0, 0.0, -0.0, 0.911088, -0.412213, 0.3, -0.0, 0.412213, 0.911087, 0.0, 0.0, 0.0, 0.0, 1.0],
                [1.0, 0.0, 0.0, -0.0, -0.0, 0.790575, -0.612366, 0.3, -0.0, 0.612366, 0.790574, -0.0, 0.0, 0.0, 0.0, 1.0],
                [1.0, 0.0, -0.0, 0.0, 0.0, 0.460116, -0.887858, 0.3, -0.0, 0.887859, 0.460116, 0.0, 0.0, 0.0, 0.0, 1.0],
                [1.0, 0.0, 0.0, 0.0, -0.0, 0.072049, -0.997401, 0.3, -0.0, 0.997401, 0.072049, 0.0, 0.0, 0.0, 0.0, 1.0],
                [1.0, 0.0, 0.0, 0.0, -0.0, 0.330766, -0.943713, 0.3, -0.0, 0.943713, 0.330766, 0.0, 0.0, 0.0, 0.0, 1.0],
                [1.0, 0.0, -0.0, 8e-06, -0.0, 0.497636, -0.867386, 0.300101, -0.0, 0.867386, 0.497636, -0.0001, 0.0, 0.0, 0.0, 1.0],
                [1.0, 0.0, -0.0, -0.0007, 0.0, 0.89923, -0.437476, 0.299856, -0.0, 0.437476, 0.89923, 0.00017, 0.0, 0.0, 0.0, 1.0],
                [1.0, 0.0, 0.0, -1e-06, -0.0, 0.911087, -0.412215, 0.3, -0.0, 0.412215, 0.911087, -0.0, 0.0, 0.0, 0.0, 1.0]
            ]
        },
        {
            "name": "Tool_R",
            "time": [0.0, 0.05, 0.1167, 0.1667, 0.25, 0.2667, 0.4833, 0.5],
            "transform": [
                [0.0, 0.0, 0.0, 0.0, 0.0, 0.0, 0.0, 0.272858, 0.0, 0.0, 0.0, 0.0, 0.0, 0.0, 0.0, 1.0],
                [0.0, 0.0, 0.0, 0.0, 0.0, 0.0, 0.0, 0.272858, 0.0, 0.0, 0.0, 0.0, 0.0, 0.0, 0.0, 1.0],
                [0.0, 0.0, 0.0, -0.0, 0.0, 0.0, 0.0, 0.272858, 0.0, 0.0, 0.0, 0.0, 0.0, 0.0, 0.0, 1.0],
                [0.0, 0.0, 0.0, -0.0, 0.0, 0.0, 0.0, 0.272858, 0.0, 0.0, 0.0, -0.0, 0.0, 0.0, 0.0, 1.0],
                [0.0, 0.0, 0.0, -0.0, 0.0, 0.0, 0.0, 0.272858, 0.0, 0.0, 0.0, 0.0, 0.0, 0.0, 0.0, 1.0],
                [0.0, 0.0, 0.0, -2.7e-05, 0.0, 0.0, 0.0, 0.272853, 0.0, 0.0, 0.0, -8e-06, 0.0, 0.0, 0.0, 1.0],
                [0.0, 0.0, 0.0, -8.2e-05, 0.0, 0.0, 0.0, 0.272907, 0.0, 0.0, 0.0, -0.000117, 0.0, 0.0, 0.0, 1.0],
                [0.0, 0.0, 0.0, 0.0, 0.0, 0.0, 0.0, 0.272858, 0.0, 0.0, 0.0, -0.0, 0.0, 0.0, 0.0, 1.0]
            ]
        },
        {
            "name": "Elbow_R",
            "time": [0.0, 0.05, 0.1167, 0.1667, 0.25, 0.2667, 0.4833, 0.5],
            "transform": [
                [-1.0, 0.0, -0.0, 0.0, 0.0, 0.0, -1.0, 0.35014, -0.0, -1.0, 0.0, 0.0, 0.0, 0.0, 0.0, 1.0],
                [-1.0, 0.0, 0.0, 0.0, 0.0, -0.0, -1.0, 0.372084, -0.0, -1.0, 0.0, -0.0, 0.0, 0.0, 0.0, 1.0],
                [-1.0, 0.0, -0.0, 0.0, -0.0, 0.0, -1.0, 0.412719, -0.0, -1.0, 0.0, -0.0, 0.0, 0.0, 0.0, 1.0],
                [-1.0, 0.0, -0.0, -0.0, 0.0, -0.0, -1.0, 0.4472, -0.0, -1.0, 0.0, -0.0, 0.0, 0.0, 0.0, 1.0],
                [-1.0, 0.0, -0.0, 0.0, 0.0, -0.0, -1.0, 0.425933, -0.0, -1.0, 0.0, 0.0, 0.0, 0.0, 0.0, 1.0],
                [-1.0, 0.0, -0.0, 8e-06, -0.0, 0.0, -1.0, 0.40884, -0.0, -1.0, 0.0, 8e-06, 0.0, 0.0, 0.0, 1.0],
                [-1.0, 0.0, -0.0, -0.000389, 0.0, -0.0, -1.0, 0.352642, -0.0, -1.0, 0.0, 0.000388, 0.0, 0.0, 0.0, 1.0],
                [-1.0, 0.0, -0.0, 0.0, 0.0, -0.0, -1.0, 0.35014, -0.0, -1.0, 0.0, -0.0, 0.0, 0.0, 0.0, 1.0]
            ]
        },
        {
            "name": "Shoulder_L",
            "time": [0.0, 0.05, 0.1167, 0.1667, 0.25, 0.2667, 0.4833, 0.5],
            "transform": [
                [0.129877, -0.96538, -0.226214, 0.0, -0.1509, -0.244733, 0.957776, 0.4, -0.97998, -0.090257, -0.177461, -0.0, 0.0, 0.0, 0.0, 1.0],
                [0.129876, -0.96538, -0.226214, 0.0, -0.1509, -0.244733, 0.957776, 0.4, -0.97998, -0.090257, -0.177461, 0.0, 0.0, 0.0, 0.0, 1.0],
                [0.129877, -0.96538, -0.226214, -0.0, -0.1509, -0.244733, 0.957776, 0.4, -0.97998, -0.090257, -0.177461, 0.0, 0.0, 0.0, 0.0, 1.0],
                [0.096676, -0.959701, -0.26387, -0.0, -0.054996, -0.269857, 0.961329, 0.4, -0.993795, -0.078425, -0.078869, 0.0, 0.0, 0.0, 0.0, 1.0],
                [0.066141, -0.95398, -0.292486, 0.0, 0.024917, -0.291457, 0.956259, 0.4, -0.997499, -0.070536, 0.004493, -0.0, 0.0, 0.0, 0.0, 1.0],
                [0.066824, -0.954112, -0.291899, 2e-06, 0.023203, -0.290988, 0.956445, 0.399957, -0.997495, -0.070686, 0.002694, 6.3e-05, 0.0, 0.0, 0.0, 1.0],
                [0.12931, -0.965289, -0.226926, 9.5e-05, -0.149168, -0.245179, 0.957933, 0.400038, -0.98032, -0.090021, -0.175694, 0.000101, 0.0, 0.0, 0.0, 1.0],
                [0.129877, -0.96538, -0.226214, 0.0, -0.1509, -0.244733, 0.957776, 0.4, -0.97998, -0.090257, -0.177461, 0.0, 0.0, 0.0, 0.0, 1.0]
            ]
        },
        {
            "name": "Arm_L",
            "time": [0.0, 0.05, 0.1167, 0.1667, 0.25, 0.2667, 0.4833, 0.5],
            "transform": [
                [0.014251, -0.026781, 0.99954, -0.0, -0.92468, 0.380027, 0.023365, 0.39386, -0.380479, -0.924587, -0.019347, -0.0, 0.0, 0.0, 0.0, 1.0],
                [0.013092, -0.505125, 0.862947, 0.0, -0.888556, 0.389923, 0.241721, 0.39386, -0.458582, -0.76994, -0.443726, 0.0, 0.0, 0.0, 0.0, 1.0],
                [-0.014779, -0.65458, 0.755848, -0.0, -0.878183, 0.369943, 0.303207, 0.39386, -0.478095, -0.659291, -0.580309, 0.0, 0.0, 0.0, 0.0, 1.0],
                [0.16855, -0.067022, 0.983412, 0.0, -0.742753, 0.647251, 0.171415, 0.39386, -0.648003, -0.759324, 0.059314, 0.0, 0.0, 0.0, 0.0, 1.0],
                [0.234259, -0.050974, 0.970837, 0.0, -0.66373, 0.721281, 0.198027, 0.39386, -0.710341, -0.690763, 0.135133, 0.0, 0.0, 0.0, 0.0, 1.0],
                [0.22493, 0.031466, 0.973867, -3.7e-05, -0.651311, 0.748233, 0.126256, 0.393845, -0.724707, -0.662688, 0.188794, 2.1e-05, 0.0, 0.0, 0.0, 1.0],
                [0.019636, -0.027343, 0.999433, -8e-05, -0.926487, 0.375246, 0.028469, 0.393546, -0.375812, -0.92652, -0.017964, 5.1e-05, 0.0, 0.0, 0.0, 1.0],
                [0.01425, -0.026778, 0.99954, -0.0, -0.92468, 0.380028, 0.023364, 0.393861, -0.380479, -0.924587, -0.019345, 0.0, 0.0, 0.0, 0.0, 1.0]
            ]
        },
        {
            "name": "Hand_L",
            "time": [0.0, 0.05, 0.1167, 0.1667, 0.25, 0.2667, 0.4833, 0.5],
            "transform": [
                [1.0, 0.0, 0.0, 0.0, 0.0, 0.933736, -0.357963, 0.3, -0.0, 0.357962, 0.933735, 0.0, 0.0, 0.0, 0.0, 1.0],
                [1.0, 0.0, -0.0, 0.0, 0.0, 0.330285, -0.943882, 0.3, 0.0, 0.94388, 0.330285, -0.0, 0.0, 0.0, 0.0, 1.0],
                [1.0, 0.0, 0.0, -0.0, -0.0, 0.602645, -0.798009, 0.3, -0.0, 0.798009, 0.602645, -0.0, 0.0, 0.0, 0.0, 1.0],
                [1.0, 0.0, -0.0, 0.0, -0.0, 0.474233, -0.8804, 0.3, -0.0, 0.880399, 0.474232, 0.0, 0.0, 0.0, 0.0, 1.0],
                [1.0, 0.0, -0.0, 0.0, 0.0, 0.367106, -0.93018, 0.3, -0.0, 0.930179, 0.367106, -0.0, 0.0, 0.0, 0.0, 1.0],
                [1.0, -0.0, 0.0, 4e-06, 0.0, 0.404554, -0.914515, 0.299883, 0.0, 0.914513, 0.404554, 6.5e-05, 0.0, 0.0, 0.0, 1.0],
                [1.0, 0.0, 0.0, 0.00041, -0.0, 0.932113, -0.362168, 0.299986, -0.0, 0.362167, 0.932113, -9.2e-05, 0.0, 0.0, 0.0, 1.0],
                [1.0, 0.0, 0.0, 1e-06, -0.0, 0.933738, -0.357958, 0.3, -0.0, 0.357957, 0.933738, 0.0, 0.0, 0.0, 0.0, 1.0]
            ]
        },
        {
            "name": "Tool_L",
            "time": [0.0, 0.05, 0.1167, 0.1667, 0.25, 0.2667, 0.4833, 0.5],
            "transform": [
                [0.994145, 0.065547, 0.0859, 0.0, 0.053392, -0.989149, 0.136868, 0.277531, 0.093885, -0.131414, -0.986276, 0.012893, 0.0, 0.0, 0.0, 1.0],
                [0.994145, 0.065547, 0.0859, -0.0, 0.053392, -0.989149, 0.136868, 0.277531, 0.093885, -0.131414, -0.986276, 0.012893, 0.0, 0.0, 0.0, 1.0],
                [0.994145, 0.065547, 0.0859, 0.0, 0.053392, -0.989149, 0.136868, 0.277531, 0.093885, -0.131414, -0.986276, 0.012893, 0.0, 0.0, 0.0, 1.0],
                [0.994145, 0.065547, 0.0859, -0.0, 0.053392, -0.989149, 0.136868, 0.277531, 0.093885, -0.131414, -0.986276, 0.012893, 0.0, 0.0, 0.0, 1.0],
                [0.994145, 0.065547, 0.0859, -0.0, 0.053392, -0.989149, 0.136868, 0.277531, 0.093885, -0.131414, -0.986276, 0.012893, 0.0, 0.0, 0.0, 1.0],
                [0.994145, 0.065547, 0.0859, -1.5e-05, 0.053392, -0.989149, 0.136868, 0.277588, 0.093885, -0.131414, -0.986276, 0.012812, 0.0, 0.0, 0.0, 1.0],
                [0.994145, 0.065547, 0.0859, 0.000225, 0.053392, -0.989149, 0.136868, 0.277414, 0.093885, -0.131414, -0.986276, 0.012812, 0.0, 0.0, 0.0, 1.0],
                [0.994145, 0.065547, 0.0859, 0.0, 0.053392, -0.989149, 0.136868, 0.277531, 0.093885, -0.131414, -0.986276, 0.012893, 0.0, 0.0, 0.0, 1.0]
            ]
        },
        {
            "name": "Elbow_L",
            "time": [0.0, 0.05, 0.1167, 0.1667, 0.25, 0.2667, 0.4833, 0.5],
            "transform": [
                [-1.0, 0.0, -0.0, 0.0, 0.0, -0.0, -1.0, 0.34463, -0.0, -1.0, -0.0, 0.0, 0.0, 0.0, 0.0, 1.0],
                [-1.0, 0.0, -0.0, 0.0, 0.0, -0.0, -1.0, 0.425981, -0.0, -1.0, -0.0, 0.0, 0.0, 0.0, 0.0, 1.0],
                [-1.0, 0.0, -0.0, 0.0, 0.0, -0.0, -1.0, 0.396911, -0.0, -1.0, -0.0, -0.0, 0.0, 0.0, 0.0, 1.0],
                [-1.0, 0.0, -0.0, 0.0, 0.0, -0.0, -1.0, 0.411223, -0.0, -1.0, -0.0, 0.0, 0.0, 0.0, 0.0, 1.0],
                [-1.0, 0.0, 0.0, 0.0, -0.0, -0.0, -1.0, 0.422299, -0.0, -1.0, 0.0, -0.0, 0.0, 0.0, 0.0, 1.0],
                [-1.0, 0.0, -0.0, 7.8e-05, 0.0, -0.0, -1.0, 0.418415, -0.0, -1.0, 0.0, -2.3e-05, 0.0, 0.0, 0.0, 1.0],
                [-1.0, 0.0, -0.0, 7.2e-05, 0.0, -0.0, -1.0, 0.344958, -0.0, -1.0, -0.0, 0.000356, 0.0, 0.0, 0.0, 1.0],
                [-1.0, 0.0, -0.0, 0.0, 0.0, -0.0, -1.0, 0.344629, -0.0, -1.0, -0.0, 0.0, 0.0, 0.0, 0.0, 1.0]
            ]
        }
    ]
}