{
    "animation": [
        {
            "name": "Root",
            "time": [0.0, 0.1667, 0.25, 0.2667, 0.4833, 0.5],
            "transform": [
                [0.962859, -0.011225, 0.26977, -0.058326, 0.268922, 0.129205, -0.954456, -0.039955, -0.024142, 0.991554, 0.127425, 0.731243, 0.0, 0.0, 0.0, 1.0],
                [0.962859, -0.006838, 0.269917, -0.058326, 0.268922, 0.113672, -0.956431, -0.47413, -0.024142, 0.993495, 0.111289, 0.521741, 0.0, 0.0, 0.0, 1.0],
                [0.999974, -0.006838, -0.002408, -0.018352, -0.001615, 0.113672, -0.993517, -0.703814, 0.007068, 0.993495, 0.113658, 0.457322, 0.0, 0.0, 0.0, 1.0],
                [9.6e-05, -1e-06, 2.7e-05, -0.055389, 2.7e-05, 1.3e-05, -9.5e-05, -0.390102, -2e-06, 9.9e-05, 1.3e-05, 0.482391, 0.0, 0.0, 0.0, 1.0],
                [9.6e-05, -1e-06, 2.7e-05, -0.055389, 2.7e-05, 1.3e-05, -9.5e-05, -0.440102, -2e-06, 9.9e-05, 1.3e-05, 0.482391, 0.0, 0.0, 0.0, 1.0],
                [0.962859, -0.011225, 0.26977, -0.058326, 0.268922, 0.129205, -0.954456, -4.061909, -0.024142, 0.991554, 0.127425, 0.731243, 0.0, 0.0, 0.0, 1.0]
            ]
        },
        {
            "name": "Thigh_R",
            "time": [0.0, 0.1667, 0.25, 0.2667, 0.4833, 0.5],
            "transform": [
                [0.875042, 0.343277, 0.341261, 0.124994, 0.153788, -0.865651, 0.47644, -0.002831, 0.458967, -0.364423, -0.810276, -1.2e-05, 0.0, 0.0, 0.0, 1.0],
                [0.945643, 0.318834, 0.064037, 0.124994, 0.237153, -0.810837, 0.535071, -0.002831, 0.222524, -0.490799, -0.842376, -1.2e-05, 0.0, 0.0, 0.0, 1.0],
                [0.984255, 0.147639, -0.097171, 0.124994, 0.162181, -0.535819, 0.82861, -0.002831, 0.070271, -0.831321, -0.551328, -1.2e-05, 0.0, 0.0, 0.0, 1.0],
                [0.868866, 0.346701, 0.353364, 0.125061, 0.161682, -0.873394, 0.459391, -0.001493, 0.467901, -0.342017, -0.814921, 0.000229, 0.0, 0.0, 0.0, 1.0],
                [0.962767, 0.269217, -0.024494, 0.125389, -0.011081, 0.129848, 0.991473, -0.002842, 0.270105, -0.954284, 0.127998, 0.000519, 0.0, 0.0, 0.0, 1.0],
                [0.875042, 0.343278, 0.341261, 0.124994, 0.153788, -0.865651, 0.476441, -0.002831, 0.458967, -0.364423, -0.810276, -1.2e-05, 0.0, 0.0, 0.0, 1.0]
            ]
        },
        {
            "name": "Leg_R",
            "time": [0.0, 0.1667, 0.25, 0.2667, 0.4833, 0.5],
            "transform": [
                [1.0, -0.0, 1e-06, -0.0, -0.0, 0.938565, 0.345105, 0.37472, -1e-06, -0.345106, 0.938564, -0.0, 0.0, 0.0, 0.0, 1.0],
                [1.0, -1e-06, 0.0, 0.0, -0.0, 0.23361, 0.972332, 0.37472, -1e-06, -0.97233, 0.233608, 0.0, 0.0, 0.0, 0.0, 1.0],
                [1.0, -1e-06, 0.0, 0.0, -0.0, 0.087519, 0.996164, 0.37472, -1e-06, -0.996162, 0.087518, 0.0, 0.0, 0.0, 0.0, 1.0],
                [1.0, -0.0, 1e-06, 6.1e-05, -1e-06, 0.911641, 0.41099, 0.374954, -1e-06, -0.41099, 0.91164, 2.7e-05, 0.0, 0.0, 0.0, 1.0],
                [1.0, 0.0, 1e-06, 4.7e-05, -1e-06, 0.999992, 0.004218, 0.375032, 0.0, -0.004219, 0.999991, 0.000663, 0.0, 0.0, 0.0, 1.0],
                [1.0, -0.0, 1e-06, -0.0, -0.0, 0.938564, 0.345108, 0.374721, -1e-06, -0.345108, 0.938563, 0.0, 0.0, 0.0, 0.0, 1.0]
            ]
        },
        {
            "name": "Knee_R",
            "time": [0.0, 0.1667, 0.25, 0.2667, 0.4833, 0.5],
            "transform": [
                [1.0, 0.0, -0.0, -0.0, -0.0, 1e-06, -1.0, 0.37472, -0.0, 1.0, 1e-06, 0.0, 0.0, 0.0, 0.0, 1.0],
                [1.0, 0.0, -0.0, 0.0, -0.0, 1e-06, -1.0, 0.459953, -0.0, 1.0, 1e-06, -0.0, 0.0, 0.0, 0.0, 1.0],
                [1.0, 0.0, -0.0, 0.0, -0.0, 1e-06, -1.0, 0.475515, -0.0, 1.0, 1e-06, -0.0, 0.0, 0.0, 0.0, 1.0],
                [1.0, -0.0, -1e-06, -6.1e-05, -1e-06, 1e-06, -1.0, 0.375931, 0.0, 1.0, 1e-06, -0.000336, 0.0, 0.0, 0.0, 1.0],
                [1.0, -1e-06, -1e-06, -1.5e-05, -1e-06, 1e-06, -1.0, 0.376008, 1e-06, 1.0, 1e-06, 0.000663, 0.0, 0.0, 0.0, 1.0],
                [1.0, 0.0, -0.0, -0.0, -0.0, 1e-06, -1.0, 0.37472, -0.0, 1.0, 1e-06, -0.0, 0.0, 0.0, 0.0, 1.0]
            ]
        },
        {
            "name": "Thigh_L",
            "time": [0.0, 0.1667, 0.25, 0.2667, 0.4833, 0.5],
            "transform": [
                [0.796139, -0.267957, -0.542552, -0.125006, -0.071485, -0.931983, 0.355384, -0.002831, -0.600876, -0.244146, -0.761142, -1.2e-05, 0.0, 0.0, 0.0, 1.0],
                [0.981847, 0.129106, 0.138946, -0.125006, -0.083008, -0.366177, 0.926835, -0.002831, 0.170543, -0.921544, -0.348813, -1.2e-05, 0.0, 0.0, 0.0, 1.0],
                [0.987366, -0.15566, 0.029631, -0.125006, -0.098341, -0.45537, 0.884853, -0.002831, -0.12424, -0.876587, -0.464925, -1.2e-05, 0.0, 0.0, 0.0, 1.0],
                [0.852685, -0.224213, -0.471865, -0.124863, 0.011279, -0.895115, 0.445695, -0.000685, -0.522301, -0.385355, -0.760722, 0.000717, 0.0, 0.0, 0.0, 1.0],
                [0.773692, 0.267557, -0.574292, -0.124969, 0.561747, 0.12948, 0.817114, -0.00154, 0.292985, -0.954802, -0.05012, 0.000839, 0.0, 0.0, 0.0, 1.0],
                [0.796138, -0.267957, -0.542553, -0.125006, -0.071485, -0.931983, 0.355384, -0.002831, -0.600877, -0.244146, -0.761141, -1.2e-05, 0.0, 0.0, 0.0, 1.0]
            ]
        },
        {
            "name": "Leg_L",
            "time": [0.0, 0.1667, 0.25, 0.2667, 0.4833, 0.5],
            "transform": [
                [1.0, -0.0, 1e-06, 0.0, -0.0, 0.902897, 0.429855, 0.37472, -1e-06, -0.429856, 0.902899, 0.0, 0.0, 0.0, 0.0, 1.0],
                [1.0, -1e-06, 1e-06, -0.0, -0.0, 0.419178, 0.907906, 0.37472, -1e-06, -0.907903, 0.419178, -0.0, 0.0, 0.0, 0.0, 1.0],
                [1.0, -0.0, 1e-06, 0.0, -0.0, 0.909509, 0.415683, 0.37472, -1e-06, -0.415683, 0.90951, -0.0, 0.0, 0.0, 0.0, 1.0],
                [1.0, -0.0, 1e-06, -3.1e-05, -0.0, 0.890122, 0.45572, 0.375092, -1e-06, -0.455721, 0.890125, 0.000763, 0.0, 0.0, 0.0, 1.0],
                [1.0, 0.0, 0.0, -1.1e-05, -0.0, 0.999991, 0.004227, 0.375353, -0.0, -0.004227, 0.999991, -3.2e-05, 0.0, 0.0, 0.0, 1.0],
                [1.0, -0.0, 1e-06, -0.0, -0.0, 0.902897, 0.429856, 0.37472, -1e-06, -0.429857, 0.902898, 0.0, 0.0, 0.0, 0.0, 1.0]
            ]
        },
        {
            "name": "Knee_L",
            "time": [0.0, 0.1667, 0.25, 0.2667, 0.4833, 0.5],
            "transform": [
                [1.0, 0.0, -0.0, 0.0, -0.0, 1e-06, -1.0, 0.37472, -0.0, 1.0, 1e-06, 0.0, 0.0, 0.0, 0.0, 1.0],
                [1.0, 0.0, -0.0, -0.0, -0.0, 1e-06, -1.0, 0.439285, -0.0, 1.0, 1e-06, -0.0, 0.0, 0.0, 0.0, 1.0],
                [1.0, 0.0, -0.0, 0.0, -0.0, 1e-06, -1.0, 0.37472, -0.0, 1.0, 1e-06, 0.0, 0.0, 0.0, 0.0, 1.0],
                [1.0, -0.0, 0.0, -6.1e-05, 0.0, 1e-06, -1.0, 0.375458, 0.0, 1.0, 1e-06, 0.000122, 0.0, 0.0, 0.0, 1.0],
                [1.0, 0.0, 0.0, -0.000225, 0.0, 1e-06, -1.0, 0.375354, -0.0, 1.0, 0.0, 0.000762, 0.0, 0.0, 0.0, 1.0],
                [1.0, 0.0, -0.0, 0.0, -0.0, 1e-06, -1.0, 0.37472, -0.0, 1.0, 1e-06, -0.0, 0.0, 0.0, 0.0, 1.0]
            ]
        },
        {
            "name": "Torso",
            "time": [0.0, 0.1667, 0.25, 0.2667, 0.4833, 0.5],
            "transform": [
                [1.0, 0.0, -0.0, 0.0, 0.0, 1.0, -0.0, 0.05, -0.0, 0.0, 1.0, -0.0, 0.0, 0.0, 0.0, 1.0],
                [0.931307, 0.014637, -0.36394, -0.0, 0.01056, 0.997687, 0.067146, 0.05, 0.364081, -0.066377, 0.928999, -0.0, 0.0, 0.0, 0.0, 1.0],
                [0.998235, 0.054229, 0.024224, -0.0, -0.050136, 0.988038, -0.145833, 0.05, -0.031842, 0.144361, 0.989013, 0.0, 0.0, 0.0, 0.0, 1.0],
                [1.0, 0.0, -0.0, 0.000214, -0.0, 1.0, 0.0, 0.050584, -0.0, -0.0, 1.0, 0.000229, 0.0, 0.0, 0.0, 1.0],
                [1.0, 0.0, -0.0, -3.1e-05, -0.0, 1.0, 0.0, 0.050218, -0.0, -0.0, 1.0, 0.000229, 0.0, 0.0, 0.0, 1.0],
                [1.0, 0.0, -0.0, -0.0, 0.0, 1.0, -0.0, 0.05, -0.0, 0.0, 1.0, 0.0, 0.0, 0.0, 0.0, 1.0]
            ]
        },
        {
            "name": "Chest",
            "time": [0.0, 0.1667, 0.25, 0.2667, 0.4833, 0.5],
            "transform": [
                [0.939083, 0.0, 0.34369, 0.0, 0.0, 1.0, -0.0, 0.3, -0.34369, 0.0, 0.939083, -0.0, 0.0, 0.0, 0.0, 1.0],
                [0.993509, -0.041224, 0.106024, -0.0, 0.0, 0.932025, 0.362393, 0.3, -0.113756, -0.360041, 0.925975, 0.0, 0.0, 0.0, 0.0, 1.0],
                [0.996576, -0.029727, -0.077157, 0.0, 0.057662, 0.918653, 0.390834, 0.3, 0.059262, -0.393944, 0.917222, 0.0, 0.0, 0.0, 0.0, 1.0],
                [0.939083, 0.0, 0.34369, 5.3e-05, -0.0, 1.0, 0.0, 0.300345, -0.34369, 0.0, 0.939083, 0.000259, 0.0, 0.0, 0.0, 1.0],
                [0.939083, 0.0, 0.34369, -6.9e-05, -0.0, 1.0, 0.0, 0.30001, -0.34369, 0.0, 0.939083, 1.5e-05, 0.0, 0.0, 0.0, 1.0],
                [0.939083, 0.0, 0.34369, 0.0, 0.0, 1.0, -0.0, 0.3, -0.34369, 0.0, 0.939083, -1e-06, 0.0, 0.0, 0.0, 1.0]
            ]
        },
        {
            "name": "Head",
            "time": [0.0, 0.1667, 0.25, 0.2667, 0.4833, 0.5],
            "transform": [
                [0.822519, -0.003516, -0.568726, 0.0, -0.019484, 0.99922, -0.034357, 0.4, 0.568404, 0.03934, 0.821809, -0.0, 0.0, 0.0, 0.0, 1.0],
                [0.998404, -0.020467, -0.052631, -0.0, 0.001291, 0.940034, -0.341078, 0.4, 0.056456, 0.340466, 0.93856, 0.0, 0.0, 0.0, 0.0, 1.0],
                [0.999846, 0.015148, 0.008873, 0.0, -0.013616, 0.988185, -0.152658, 0.4, -0.011081, 0.152514, 0.988239, 0.0, 0.0, 0.0, 0.0, 1.0],
                [0.822519, -0.003516, -0.568726, 6.1e-05, -0.019484, 0.99922, -0.034357, 0.399301, 0.568404, 0.03934, 0.821809, 0.000366, 0.0, 0.0, 0.0, 1.0],
                [0.822519, -0.003516, -0.568726, 6.1e-05, -0.019484, 0.99922, -0.034357, 0.399423, 0.568404, 0.03934, 0.821809, 0.000366, 0.0, 0.0, 0.0, 1.0],
                [0.822519, -0.003516, -0.568726, 0.0, -0.019484, 0.99922, -0.034357, 0.4, 0.568404, 0.03934, 0.821809, -0.0, 0.0, 0.0, 0.0, 1.0]
            ]
        },
        {
            "name": "Shoulder_R",
            "time": [0.0, 0.1667, 0.25, 0.2667, 0.4833, 0.5],
            "transform": [
                [0.066118, 0.971228, 0.228789, 0.0, -0.017325, -0.228139, 0.973474, 0.4, 0.997661, -0.068328, 0.001742, -0.0, 0.0, 0.0, 0.0, 1.0],
                [0.024595, 0.95516, 0.295065, -0.0, 0.042088, -0.295882, 0.954297, 0.4, 0.998811, -0.011052, -0.047478, 0.0, 0.0, 0.0, 0.0, 1.0],
                [0.133307, 0.917168, 0.375541, 0.0, -0.030989, -0.37488, 0.926555, 0.4, 0.99059, -0.135153, -0.021552, 0.0, 0.0, 0.0, 0.0, 1.0],
                [0.066118, 0.971228, 0.228789, 6.1e-05, -0.017325, -0.228139, 0.973474, 0.399301, 0.997661, -0.068328, 0.001742, 0.000366, 0.0, 0.0, 0.0, 1.0],
                [0.066118, 0.971228, 0.228789, 6.1e-05, -0.017325, -0.228139, 0.973474, 0.399423, 0.997661, -0.068328, 0.001742, 0.000366, 0.0, 0.0, 0.0, 1.0],
                [0.066118, 0.971228, 0.228789, 0.0, -0.017325, -0.228139, 0.973474, 0.4, 0.997661, -0.068328, 0.001742, -0.0, 0.0, 0.0, 0.0, 1.0]
            ]
        },
        {
            "name": "Arm_R",
            "time": [0.0, 0.1667, 0.25, 0.2667, 0.4833, 0.5],
            "transform": [
                [0.103006, 0.164451, -0.980992, -0.0, 0.908447, 0.386115, 0.160116, 0.393861, 0.405108, -0.907673, -0.109622, 0.0, 0.0, 0.0, 0.0, 1.0],
                [0.139258, 0.400732, -0.90555, -0.0, 0.847395, 0.424933, 0.31836, 0.393861, 0.512376, -0.811692, -0.280403, -0.0, 0.0, 0.0, 0.0, 1.0],
                [0.118928, 0.482078, -0.868019, -0.0, 0.76068, 0.517626, 0.391699, 0.39386, 0.63814, -0.706869, -0.305147, 0.0, 0.0, 0.0, 0.0, 1.0],
                [0.099923, 0.157138, -0.982509, 9.2e-05, 0.906889, 0.391863, 0.154903, 0.393494, 0.40935, -0.906504, -0.103351, 0.000282, 0.0, 0.0, 0.0, 1.0],
                [0.098881, 0.162367, -0.981764, -0.000275, 0.90723, 0.390644, 0.155981, 0.393585, 0.408847, -0.906108, -0.108678, 0.00013, 0.0, 0.0, 0.0, 1.0],
                [0.103007, 0.164453, -0.980992, -0.0, 0.908447, 0.386115, 0.160119, 0.39386, 0.405109, -0.907672, -0.109623, -0.0, 0.0, 0.0, 0.0, 1.0]
            ]
        },
        {
            "name": "Hand_R",
            "time": [0.0, 0.1667, 0.25, 0.2667, 0.4833, 0.5],
            "transform": [
                [1.0, 0.0, 0.0, 0.0, -0.0, 0.911088, -0.412213, 0.3, -0.0, 0.412213, 0.911087, 0.0, 0.0, 0.0, 0.0, 1.0],
                [1.0, 0.0, 0.0, 0.0, -0.0, 0.418622, -0.908161, 0.3, -0.0, 0.90816, 0.418622, -0.0, 0.0, 0.0, 0.0, 1.0],
                [1.0, 0.0, 0.0, -0.0, -0.0, 0.381374, -0.924421, 0.3, 0.0, 0.924421, 0.381374, -0.0, 0.0, 0.0, 0.0, 1.0],
                [1.0, 0.0, 0.0, -9.2e-05, 0.0, 0.912749, -0.408522, 0.300323, 0.0, 0.408521, 0.912749, -0.000854, 0.0, 0.0, 0.0, 1.0],
                [1.0, 0.0, 0.0, 6.1e-05, -1e-06, 0.909039, -0.416713, 0.300476, -0.0, 0.416712, 0.90904, 0.001099, 0.0, 0.0, 0.0, 1.0],
                [1.0, 0.0, 0.0, 0.0, -0.0, 0.911086, -0.412217, 0.3, -0.0, 0.412217, 0.911086, 0.0, 0.0, 0.0, 0.0, 1.0]
            ]
        },
        {
            "name": "Tool_R",
            "time": [0.0, 0.1667, 0.25, 0.2667, 0.4833, 0.5],
            "transform": [
                [0.0, 0.0, 0.0, 0.0, 0.0, 0.0, 0.0, 0.272858, 0.0, 0.0, 0.0, 0.0, 0.0, 0.0, 0.0, 1.0],
                [0.0, 0.0, 0.0, 0.0, 0.0, 0.0, 0.0, 0.272858, 0.0, 0.0, 0.0, -0.0, 0.0, 0.0, 0.0, 1.0],
                [0.0, 0.0, 0.0, 0.0, 0.0, 0.0, 0.0, 0.272858, 0.0, 0.0, 0.0, 0.0, 0.0, 0.0, 0.0, 1.0],
                [0.0, 0.0, 0.0, -3.1e-05, 0.0, 0.0, 0.0, 0.272792, 0.0, 0.0, 0.0, -9.2e-05, 0.0, 0.0, 0.0, 1.0],
                [0.0, 0.0, 0.0, 0.000275, 0.0, 0.0, 0.0, 0.272372, 0.0, 0.0, 0.0, -9.2e-05, 0.0, 0.0, 0.0, 1.0],
                [0.0, 0.0, 0.0, -0.0, 0.0, 0.0, 0.0, 0.272858, 0.0, 0.0, 0.0, 0.0, 0.0, 0.0, 0.0, 1.0]
            ]
        },
        {
            "name": "Elbow_R",
            "time": [0.0, 0.1667, 0.25, 0.2667, 0.4833, 0.5],
            "transform": [
                [-1.0, 0.0, -0.0, 0.0, 0.0, 0.0, -1.0, 0.35014, -0.0, -1.0, 0.0, 0.0, 0.0, 0.0, 0.0, 1.0],
                [-1.0, 0.0, -0.0, 0.0, 0.0, -0.0, -1.0, 0.417048, -0.0, -1.0, 0.0, 0.0, 0.0, 0.0, 0.0, 1.0],
                [-1.0, 0.0, -0.0, 0.0, 0.0, -0.0, -1.0, 0.420857, -0.0, -1.0, 0.0, -0.0, 0.0, 0.0, 0.0, 1.0],
                [-1.0, -0.0, -1e-06, 6.1e-05, 1e-06, 0.0, -1.0, 0.350632, 0.0, -1.0, -0.0, -0.000397, 0.0, 0.0, 0.0, 1.0],
                [-1.0, 0.0, -1e-06, -3.1e-05, 1e-06, -0.0, -1.0, 0.350601, -0.0, -1.0, 0.0, 0.00058, 0.0, 0.0, 0.0, 1.0],
                [-1.0, 0.0, -0.0, -0.0, 0.0, -0.0, -1.0, 0.350141, -0.0, -1.0, 0.0, 0.0, 0.0, 0.0, 0.0, 1.0]
            ]
        },
        {
            "name": "Shoulder_L",
            "time": [0.0, 0.1667, 0.25, 0.2667, 0.4833, 0.5],
            "transform": [
                [0.129877, -0.96538, -0.226214, 0.0, -0.1509, -0.244733, 0.957776, 0.4, -0.97998, -0.090257, -0.177461, -0.0, 0.0, 0.0, 0.0, 1.0],
                [0.100846, -0.95836, -0.267165, -0.0, -0.147928, -0.279992, 0.948537, 0.4, -0.983843, -0.056135, -0.170004, 0.0, 0.0, 0.0, 0.0, 1.0],
                [0.059598, -0.944265, -0.323746, 0.0, -0.145556, -0.329077, 0.933018, 0.4, -0.987553, -0.008483, -0.157056, 0.0, 0.0, 0.0, 0.0, 1.0],
                [0.129876, -0.96538, -0.226214, 6.1e-05, -0.1509, -0.244733, 0.957776, 0.399301, -0.97998, -0.090257, -0.177461, 0.000366, 0.0, 0.0, 0.0, 1.0],
                [0.129876, -0.96538, -0.226214, 6.1e-05, -0.1509, -0.244733, 0.957776, 0.399423, -0.97998, -0.090257, -0.177461, 0.000366, 0.0, 0.0, 0.0, 1.0],
                [0.129877, -0.96538, -0.226214, 0.0, -0.1509, -0.244733, 0.957776, 0.4, -0.97998, -0.090257, -0.177461, -0.0, 0.0, 0.0, 0.0, 1.0]
            ]
        },
        {
            "name": "Arm_L",
            "time": [0.0, 0.1667, 0.25, 0.2667, 0.4833, 0.5],
            "transform": [
                [0.014251, -0.026781, 0.99954, -0.0, -0.92468, 0.380027, 0.023365, 0.39386, -0.380479, -0.924587, -0.019347, -0.0, 0.0, 0.0, 0.0, 1.0],
                [0.234297, -0.405867, 0.883389, 0.0, -0.865308, 0.32711, 0.37979, 0.39386, -0.44311, -0.853387, -0.274559, -0.0, 0.0, 0.0, 0.0, 1.0],
                [0.135487, -0.156181, 0.978392, 0.0, -0.822168, 0.533331, 0.19899, 0.39386, -0.552885, -0.831363, -0.056148, 0.0, 0.0, 0.0, 0.0, 1.0],
                [0.049156, 0.041663, 0.997922, 0.000275, -0.954013, 0.297763, 0.034562, 0.393799, -0.295706, -0.95373, 0.054385, 0.000168, 0.0, 0.0, 0.0, 1.0],
                [0.048748, 0.048769, 0.997619, -0.000519, -0.954207, 0.297422, 0.032087, 0.394043, -0.29515, -0.953499, 0.061034, 0.000977, 0.0, 0.0, 0.0, 1.0],
                [0.014251, -0.026777, 0.99954, -0.0, -0.92468, 0.380028, 0.023364, 0.39386, -0.380479, -0.924587, -0.019344, -0.0, 0.0, 0.0, 0.0, 1.0]
            ]
        },
        {
            "name": "Hand_L",
            "time": [0.0, 0.1667, 0.25, 0.2667, 0.4833, 0.5],
            "transform": [
                [1.0, 0.0, 0.0, 0.0, 0.0, 0.933736, -0.357963, 0.3, -0.0, 0.357962, 0.933735, 0.0, 0.0, 0.0, 0.0, 1.0],
                [1.0, 0.0, -0.0, 0.0, -0.0, 0.544349, -0.838859, 0.3, -0.0, 0.838858, 0.544349, 0.0, 0.0, 0.0, 0.0, 1.0],
                [1.0, 0.0, 0.0, -0.0, -0.0, 0.821224, -0.570606, 0.3, -0.0, 0.570606, 0.821224, -0.0, 0.0, 0.0, 0.0, 1.0],
                [1.0, 0.0, 0.0, -0.000122, -0.0, 0.858039, -0.513584, 0.300287, 0.0, 0.513584, 0.85804, -0.000122, 0.0, 0.0, 0.0, 1.0],
                [0.999999, 0.0, 0.0, 0.0, -0.0, 0.863764, -0.503896, 0.299552, -0.0, 0.503896, 0.863764, 0.000122, 0.0, 0.0, 0.0, 1.0],
                [1.0, 0.0, -0.0, 0.0, -0.0, 0.933739, -0.357955, 0.3, -0.0, 0.357955, 0.933739, -0.0, 0.0, 0.0, 0.0, 1.0]
            ]
        },
        {
            "name": "Tool_L",
            "time": [0.0, 0.1667, 0.25, 0.2667, 0.4833, 0.5],
            "transform": [
                [0.946147, -0.312142, 0.085871, 0.0, -0.321532, -0.936952, 0.136887, 0.277531, 0.037703, -0.157043, -0.986276, 0.012893, 0.0, 0.0, 0.0, 1.0],
                [0.988935, 0.080326, 0.124723, -0.0, 0.139025, -0.795181, -0.590219, 0.277531, 0.051739, 0.600665, -0.797087, 0.012893, 0.0, 0.0, 0.0, 1.0],
                [0.990562, -0.087906, 0.105159, 0.0, 0.015182, -0.692149, -0.721595, 0.277531, 0.136138, 0.715953, -0.683888, 0.012893, 0.0, 0.0, 0.0, 1.0],
                [0.946147, -0.312142, 0.085871, 0.0, -0.321532, -0.936952, 0.136887, 0.27684, 0.037703, -0.157043, -0.986276, 0.013382, 0.0, 0.0, 0.0, 1.0],
                [0.946147, -0.312142, 0.085871, 3.1e-05, -0.321532, -0.936952, 0.136887, 0.277725, 0.037703, -0.157043, -0.986276, 0.013428, 0.0, 0.0, 0.0, 1.0],
                [0.946147, -0.312142, 0.085871, -0.0, -0.321532, -0.936952, 0.136887, 0.277531, 0.037703, -0.157043, -0.986276, 0.012893, 0.0, 0.0, 0.0, 1.0]
            ]
        },
        {
            "name": "Elbow_L",
            "time": [0.0, 0.1667, 0.25, 0.2667, 0.4833, 0.5],
            "transform": [
                [-1.0, 0.0, -0.0, 0.0, 0.0, -0.0, -1.0, 0.34463, -0.0, -1.0, -0.0, 0.0, 0.0, 0.0, 0.0, 1.0],
                [-1.0, 0.0, -0.0, 0.0, 0.0, 0.0, -1.0, 0.403583, -0.0, -1.0, -0.0, 0.0, 0.0, 0.0, 0.0, 1.0],
                [-1.0, 0.0, -0.0, -0.0, 0.0, -0.0, -1.0, 0.367229, -0.0, -1.0, -0.0, -0.0, 0.0, 0.0, 0.0, 1.0],
                [-1.0, 1e-06, 1e-06, 3.1e-05, -1e-06, 1e-06, -1.0, 0.360733, -1e-06, -1.0, -1e-06, -0.000549, 0.0, 0.0, 0.0, 1.0],
                [-1.0, -0.0, -1e-06, 0.000244, 1e-06, -0.0, -1.0, 0.360473, 0.0, -1.0, 0.0, 0.000793, 0.0, 0.0, 0.0, 1.0],
                [-1.0, 0.0, -0.0, 0.0, 0.0, -0.0, -1.0, 0.344629, -0.0, -1.0, -0.0, -0.0, 0.0, 0.0, 0.0, 1.0]
            ]
        }
    ]
}