{
    "animation": [
        {
            "name": "Root",
            "time": [0.0, 0.0667, 0.1333, 0.2, 0.2333, 0.2667, 0.2833, 0.3, 0.3167, 0.3333, 0.4333, 0.6833, 0.9, 1.0167, 1.1],
            "transform": [
                [0.949015, 0.0, 0.31523, -0.010651, 0.31523, 0.0, -0.949015, -0.008519, 0.0, 1.0, 0.0, 0.692112, 0.0, 0.0, 0.0, 1.0],
                [0.949015, -0.0, 0.31523, -0.010651, 0.315203, 0.013014, -0.948935, 0.038091, -0.004102, 0.999915, 0.012351, 0.678694, 0.0, 0.0, 0.0, 1.0],
                [0.949015, 0.0, 0.31523, -0.010651, 0.314627, -0.061808, -0.947201, 0.075252, 0.019484, 0.998088, -0.058657, 0.691528, 0.0, 0.0, 0.0, 1.0],
                [0.949015, -0.0, 0.31523, -0.010651, 0.312291, -0.13622, -0.940169, 0.096119, 0.042941, 0.990679, -0.129275, 0.704362, 0.0, 0.0, 0.0, 1.0],
                [0.707861, 0.012159, 0.706247, -0.010651, 0.705631, -0.057344, -0.706256, 0.244442, 0.031912, 0.99828, -0.049172, 0.590854, 0.0, 0.0, 0.0, 1.0],
                [0.318217, -0.012411, 0.947937, -0.010651, 0.947914, 0.01898, -0.317961, 0.377116, -0.014046, 0.999743, 0.017805, 0.517818, 0.0, 0.0, 0.0, 1.0],
                [0.318217, -0.012411, 0.947937, -0.024031, 0.947914, 0.01898, -0.317961, 0.448012, -0.014046, 0.999743, 0.017805, 0.432303, 0.0, 0.0, 0.0, 1.0],
                [0.318217, -0.012411, 0.947937, -0.024031, 0.947914, 0.01898, -0.317961, 0.448012, -0.014046, 0.999743, 0.017805, 0.432303, 0.0, 0.0, 0.0, 1.0],
                [0.318217, -0.012411, 0.947937, -0.037411, 0.947914, 0.01898, -0.317961, 0.493237, -0.014046, 0.999743, 0.017805, 0.387284, 0.0, 0.0, 0.0, 1.0],
                [0.318217, -0.012411, 0.947937, -0.037411, 0.947914, 0.01898, -0.317961, 0.531055, -0.014046, 0.999743, 0.017805, 0.389877, 0.0, 0.0, 0.0, 1.0],
                [0.318217, -0.012411, 0.947937, -0.037411, 0.947914, 0.01898, -0.317961, 0.531055, -0.014046, 0.999743, 0.017805, 0.389877, 0.0, 0.0, 0.0, 1.0],
                [0.751572, 0.001372, 0.65965, -0.037632, 0.659564, 0.014692, -0.751505, 0.538716, -0.010723, 0.999891, 0.010137, 0.501451, 0.0, 0.0, 0.0, 1.0],
                [0.914507, 0.002071, 0.404564, -0.03926, 0.404552, 0.004574, -0.914504, 0.540651, -0.003745, 0.999987, 0.003345, 0.631193, 0.0, 0.0, 0.0, 1.0],
                [0.944658, 0.000591, 0.328055, -0.037767, 0.328055, 0.000866, -0.944658, 0.540925, -0.000842, 0.999999, 0.000624, 0.682454, 0.0, 0.0, 0.0, 1.0],
                [0.949015, 0.0, 0.31523, -0.037651, 0.31523, 0.0, -0.949015, 0.540924, 0.0, 1.0, 0.0, 0.695179, 0.0, 0.0, 0.0, 1.0]
            ]
        },
        {
            "name": "Thigh_R",
            "time": [0.0, 0.0667, 0.1333, 0.2, 0.2333, 0.2667, 0.2833, 0.3, 0.3167, 0.3333, 0.4333, 0.6833, 0.9, 1.0167, 1.1],
            "transform": [
                [0.964611, 0.220691, 0.14429, 0.124994, 0.100479, -0.813592, 0.572687, -0.002831, 0.243783, -0.537921, -0.806976, -1.2e-05, 0.0, 0.0, 0.0, 1.0],
                [0.933971, 0.231392, 0.272311, 0.124994, 0.066922, -0.861811, 0.502794, -0.002831, 0.351026, -0.45137, -0.820393, -1.2e-05, 0.0, 0.0, 0.0, 1.0],
                [0.918993, 0.355123, 0.171275, 0.124994, 0.070646, -0.575695, 0.814606, -0.002831, 0.387891, -0.736516, -0.55415, -1.2e-05, 0.0, 0.0, 0.0, 1.0],
                [0.907481, 0.407348, 0.102678, 0.124994, 0.098408, -0.443747, 0.890732, -0.002831, 0.408404, -0.798217, -0.442779, -1.2e-05, 0.0, 0.0, 0.0, 1.0],
                [0.758353, 0.649952, 0.049574, 0.124994, 0.292129, -0.406864, 0.865519, -0.002831, 0.582719, -0.641885, -0.498417, -1.2e-05, 0.0, 0.0, 0.0, 1.0],
                [0.530957, 0.815309, 0.230974, 0.124994, 0.424139, -0.491661, 0.760511, -0.002831, 0.733614, -0.305831, -0.606857, -1.2e-05, 0.0, 0.0, 0.0, 1.0],
                [0.55424, 0.832201, -0.015889, 0.124994, 0.40408, -0.252328, 0.879233, -0.002831, 0.727692, -0.493725, -0.476128, -1.2e-05, 0.0, 0.0, 0.0, 1.0],
                [0.55424, 0.832201, -0.015889, 0.124994, 0.40408, -0.252328, 0.879233, -0.002831, 0.727692, -0.493725, -0.476128, -1.2e-05, 0.0, 0.0, 0.0, 1.0],
                [0.604943, 0.783129, -0.14404, 0.124994, 0.357208, -0.105233, 0.928079, -0.002831, 0.71165, -0.612886, -0.3434, -1.2e-05, 0.0, 0.0, 0.0, 1.0],
                [0.624103, 0.77079, -0.127955, 0.124994, 0.33823, -0.118893, 0.933524, -0.002831, 0.70434, -0.625892, -0.334907, -1.2e-05, 0.0, 0.0, 0.0, 1.0],
                [0.624103, 0.77079, -0.127955, 0.124994, 0.33823, -0.118893, 0.933524, -0.002831, 0.70434, -0.625892, -0.334907, -1.2e-05, 0.0, 0.0, 0.0, 1.0],
                [0.71692, 0.656406, 0.234843, 0.124994, -0.001888, -0.335029, 0.942206, -0.002831, 0.697152, -0.675929, -0.23895, -1.2e-05, 0.0, 0.0, 0.0, 1.0],
                [0.921473, 0.326524, 0.210397, 0.124994, 0.063967, -0.661804, 0.746943, -0.002831, 0.38314, -0.674827, -0.630723, -1.2e-05, 0.0, 0.0, 0.0, 1.0],
                [0.958719, 0.235479, 0.159388, 0.124994, 0.092957, -0.789278, 0.606958, -0.002831, 0.26873, -0.567084, -0.778587, -1.2e-05, 0.0, 0.0, 0.0, 1.0],
                [0.964728, 0.218199, 0.147263, 0.124994, 0.100134, -0.821531, 0.561301, -0.002831, 0.243459, -0.526755, -0.814405, -1.2e-05, 0.0, 0.0, 0.0, 1.0]
            ]
        },
        {
            "name": "Leg_R",
            "time": [0.0, 0.0667, 0.1333, 0.2, 0.2333, 0.2667, 0.2833, 0.3, 0.3167, 0.3333, 0.4333, 0.6833, 0.9, 1.0167, 1.1],
            "transform": [
                [1.0, -0.0, 1e-06, 0.0, -0.0, 0.803548, 0.595242, 0.37472, -1e-06, -0.595242, 0.803546, -0.0, 0.0, 0.0, 0.0, 1.0],
                [1.0, -0.0, 1e-06, 0.0, -0.0, 0.833478, 0.552554, 0.37472, -1e-06, -0.552554, 0.833478, -0.0, 0.0, 0.0, 0.0, 1.0],
                [1.0, -0.0, 1e-06, -0.0, -0.0, 0.518723, 0.854945, 0.37472, -1e-06, -0.854942, 0.518721, 0.0, 0.0, 0.0, 0.0, 1.0],
                [1.0, -1e-06, 0.0, -0.0, -0.0, 0.271638, 0.962402, 0.37472, -1e-06, -0.962399, 0.271636, 0.0, 0.0, 0.0, 0.0, 1.0],
                [1.0, -1e-06, 0.0, -0.0, -0.0, 0.320875, 0.947124, 0.37472, -1e-06, -0.94712, 0.320873, 0.0, 0.0, 0.0, 0.0, 1.0],
                [1.0, -1e-06, 0.0, 0.0, -0.0, 0.44624, 0.894917, 0.37472, -1e-06, -0.894913, 0.446239, 0.0, 0.0, 0.0, 0.0, 1.0],
                [1.0, -1e-06, 0.0, -0.0, -0.0, 0.152705, 0.988275, 0.37472, -1e-06, -0.98827, 0.152703, -0.0, 0.0, 0.0, 0.0, 1.0],
                [1.0, -1e-06, 0.0, -0.0, -0.0, 0.152705, 0.988275, 0.37472, -1e-06, -0.98827, 0.152703, -0.0, 0.0, 0.0, 0.0, 1.0],
                [1.0, -1e-06, 0.0, 0.0, -0.0, 0.03614, 0.999349, 0.37472, -1e-06, -0.999344, 0.036138, 0.0, 0.0, 0.0, 0.0, 1.0],
                [1.0, -1e-06, 0.0, -0.0, -0.0, -0.050307, 0.998737, 0.37472, -1e-06, -0.998731, -0.050309, 0.0, 0.0, 0.0, 0.0, 1.0],
                [1.0, -1e-06, 0.0, -0.0, -0.0, -0.050307, 0.998737, 0.37472, -1e-06, -0.998731, -0.050309, 0.0, 0.0, 0.0, 0.0, 1.0],
                [1.0, -1e-06, 0.0, -0.0, -0.0, 0.200118, 0.979774, 0.37472, -1e-06, -0.97977, 0.200116, 0.0, 0.0, 0.0, 0.0, 1.0],
                [1.0, -0.0, 1e-06, 0.0, -0.0, 0.585443, 0.810716, 0.37472, -1e-06, -0.810713, 0.585442, -0.0, 0.0, 0.0, 0.0, 1.0],
                [1.0, -0.0, 1e-06, -0.0, -0.0, 0.770094, 0.637932, 0.37472, -1e-06, -0.637931, 0.770093, 0.0, 0.0, 0.0, 0.0, 1.0],
                [1.0, -0.0, 1e-06, -0.0, -0.0, 0.818375, 0.574686, 0.37472, -1e-06, -0.574686, 0.818374, 0.0, 0.0, 0.0, 0.0, 1.0]
            ]
        },
        {
            "name": "Knee_R",
            "time": [0.0, 0.0667, 0.1333, 0.2, 0.2333, 0.2667, 0.2833, 0.3, 0.3167, 0.3333, 0.4333, 0.6833, 0.9, 1.0167, 1.1],
            "transform": [
                [1.0, 0.0, -0.0, -0.0, -0.0, 1e-06, -1.0, 0.386692, -0.0, 1.0, 1e-06, -0.0, 0.0, 0.0, 0.0, 1.0],
                [1.0, 0.0, -0.0, -0.0, -0.0, 1e-06, -1.0, 0.381214, -0.0, 1.0, 1e-06, -0.0, 0.0, 0.0, 0.0, 1.0],
                [1.0, 0.0, -0.0, 0.0, -0.0, 1e-06, -1.0, 0.427435, -0.0, 1.0, 0.0, 0.0, 0.0, 0.0, 0.0, 1.0],
                [1.0, 0.0, -0.0, 0.0, -0.0, 1e-06, -1.0, 0.455824, -0.0, 1.0, 1e-06, 0.0, 0.0, 0.0, 0.0, 1.0],
                [1.0, 0.0, -0.0, -0.0, -0.0, 1e-06, -1.0, 0.450408, -0.0, 1.0, 1e-06, -0.0, 0.0, 0.0, 0.0, 1.0],
                [1.0, 0.0, -0.0, 0.0, -0.0, 1e-06, -1.0, 0.436132, 0.0, 1.0, 1e-06, -0.0, 0.0, 0.0, 0.0, 1.0],
                [1.0, 0.0, -0.0, -0.0, -0.0, 1e-06, -1.0, 0.468617, -0.0, 1.0, 1e-06, -0.0, 0.0, 0.0, 0.0, 1.0],
                [1.0, 0.0, -0.0, -0.0, -0.0, 1e-06, -1.0, 0.468617, -0.0, 1.0, 1e-06, -0.0, 0.0, 0.0, 0.0, 1.0],
                [1.0, 0.0, -0.0, 0.0, -0.0, 1e-06, -1.0, 0.480923, -0.0, 1.0, 1e-06, -0.0, 0.0, 0.0, 0.0, 1.0],
                [1.0, 0.0, -0.0, 0.0, -0.0, 1e-06, -1.0, 0.48472, -0.0, 1.0, 1e-06, -0.0, 0.0, 0.0, 0.0, 1.0],
                [1.0, 0.0, -0.0, 0.0, -0.0, 1e-06, -1.0, 0.48472, -0.0, 1.0, 1e-06, -0.0, 0.0, 0.0, 0.0, 1.0],
                [1.0, 0.0, -0.0, 0.0, -0.0, 1e-06, -1.0, 0.463557, -0.0, 1.0, 1e-06, 0.0, 0.0, 0.0, 0.0, 1.0],
                [1.0, 0.0, -0.0, 0.0, -0.0, 1e-06, -1.0, 0.419024, -0.0, 1.0, 1e-06, -0.0, 0.0, 0.0, 0.0, 1.0],
                [1.0, 0.0, -0.0, -0.0, -0.0, 1e-06, -1.0, 0.392389, -0.0, 1.0, 1e-06, -0.0, 0.0, 0.0, 0.0, 1.0],
                [1.0, 0.0, -0.0, 0.0, -0.0, 1e-06, -1.0, 0.384029, -0.0, 1.0, 1e-06, -0.0, 0.0, 0.0, 0.0, 1.0]
            ]
        },
        {
            "name": "Thigh_L",
            "time": [0.0, 0.0667, 0.1333, 0.2, 0.2333, 0.2667, 0.2833, 0.3, 0.3167, 0.3333, 0.4333, 0.6833, 0.9, 1.0167, 1.1],
            "transform": [
                [0.757901, -0.423971, -0.495817, -0.125006, -0.308187, -0.902559, 0.300677, -0.002831, -0.574983, -0.075072, -0.814713, -1.2e-05, 0.0, 0.0, 0.0, 1.0],
                [0.948864, -0.303878, -0.085538, -0.125006, -0.288315, -0.944538, 0.157224, -0.002831, -0.128567, -0.124522, -0.98385, -1.2e-05, 0.0, 0.0, 0.0, 1.0],
                [0.936256, -0.328384, -0.124861, -0.125006, -0.330546, -0.943781, 0.003559, -0.002831, -0.119007, 0.037939, -0.992167, -1.2e-05, 0.0, 0.0, 0.0, 1.0],
                [0.941404, -0.326805, -0.083411, -0.125006, -0.336693, -0.925143, -0.17534, -0.002831, -0.019861, 0.193148, -0.980967, -1.2e-05, 0.0, 0.0, 0.0, 1.0],
                [0.840796, -0.510617, 0.179812, -0.125006, -0.533086, -0.838768, 0.110835, -0.002831, 0.094232, -0.189046, -0.977436, -1.2e-05, 0.0, 0.0, 0.0, 1.0],
                [0.733329, -0.62527, 0.266961, -0.125006, -0.678417, -0.647309, 0.347476, -0.002831, -0.044455, -0.435923, -0.898883, -1.2e-05, 0.0, 0.0, 0.0, 1.0],
                [0.615508, -0.752136, 0.235464, -0.125006, -0.768146, -0.505648, 0.392773, -0.002831, -0.176352, -0.422624, -0.888979, -1.2e-05, 0.0, 0.0, 0.0, 1.0],
                [0.615508, -0.752136, 0.235464, -0.125006, -0.768146, -0.505648, 0.392773, -0.002831, -0.176352, -0.422624, -0.888979, -1.2e-05, 0.0, 0.0, 0.0, 1.0],
                [0.53781, -0.818654, 0.201418, -0.125006, -0.814629, -0.443092, 0.374231, -0.002831, -0.217114, -0.365344, -0.905196, -1.2e-05, 0.0, 0.0, 0.0, 1.0],
                [0.512421, -0.855943, 0.069197, -0.125006, -0.824501, -0.467869, 0.318268, -0.002831, -0.24004, -0.220139, -0.945471, -1.2e-05, 0.0, 0.0, 0.0, 1.0],
                [0.512421, -0.855943, 0.069197, -0.125006, -0.824501, -0.467869, 0.318268, -0.002831, -0.24004, -0.220139, -0.945471, -1.2e-05, 0.0, 0.0, 0.0, 1.0],
                [0.476897, -0.856964, -0.195406, -0.125006, -0.692908, -0.503325, 0.516276, -0.002831, -0.540781, -0.110807, -0.83383, -1.2e-05, 0.0, 0.0, 0.0, 1.0],
                [0.797522, -0.554308, -0.238126, -0.125006, -0.360026, -0.754018, 0.549397, -0.002831, -0.484085, -0.352418, -0.800911, -1.2e-05, 0.0, 0.0, 0.0, 1.0],
                [0.575585, -0.507561, -0.641157, -0.125006, -0.288557, -0.859689, 0.421509, -0.002831, -0.765137, -0.057596, -0.641285, -1.2e-05, 0.0, 0.0, 0.0, 1.0],
                [0.476442, -0.488519, -0.730993, -0.125006, -0.28262, -0.872396, 0.39881, -0.002831, -0.832542, 0.01659, -0.553712, -1.2e-05, 0.0, 0.0, 0.0, 1.0]
            ]
        },
        {
            "name": "Leg_L",
            "time": [0.0, 0.0667, 0.1333, 0.2, 0.2333, 0.2667, 0.2833, 0.3, 0.3167, 0.3333, 0.4333, 0.6833, 0.9, 1.0167, 1.1],
            "transform": [
                [1.0, -0.0, 1e-06, 0.0, -0.0, 0.806624, 0.591064, 0.37472, -1e-06, -0.591066, 0.806627, 0.0, 0.0, 0.0, 0.0, 1.0],
                [1.0, -0.0, 1e-06, 0.0, -0.0, 0.781656, 0.623708, 0.37472, -1e-06, -0.62371, 0.781657, -0.0, 0.0, 0.0, 0.0, 1.0],
                [1.0, -0.0, 1e-06, -0.0, -0.0, 0.862238, 0.506504, 0.37472, -1e-06, -0.506504, 0.862238, 0.0, 0.0, 0.0, 0.0, 1.0],
                [1.0, -0.0, 1e-06, -0.0, -0.0, 0.931049, 0.364894, 0.37472, -1e-06, -0.364894, 0.931049, 0.0, 0.0, 0.0, 0.0, 1.0],
                [1.0, -0.0, 1e-06, -0.0, -0.0, 0.663508, 0.748168, 0.37472, -1e-06, -0.748169, 0.663509, -0.0, 0.0, 0.0, 0.0, 1.0],
                [1.0, -0.0, 1e-06, 0.0, -0.0, 0.752158, 0.658982, 0.37472, -1e-06, -0.658984, 0.75216, 0.0, 0.0, 0.0, 0.0, 1.0],
                [1.0, -0.0, 1e-06, -0.0, -0.0, 0.692099, 0.721802, 0.37472, -1e-06, -0.721803, 0.692101, -0.0, 0.0, 0.0, 0.0, 1.0],
                [1.0, -0.0, 1e-06, -0.0, -0.0, 0.692099, 0.721802, 0.37472, -1e-06, -0.721803, 0.692101, -0.0, 0.0, 0.0, 0.0, 1.0],
                [1.0, -0.0, 1e-06, 0.0, -0.0, 0.719153, 0.694851, 0.37472, -1e-06, -0.694852, 0.719154, -0.0, 0.0, 0.0, 0.0, 1.0],
                [1.0, -0.0, 1e-06, -0.0, -0.0, 0.881146, 0.472842, 0.37472, -1e-06, -0.472843, 0.881148, -0.0, 0.0, 0.0, 0.0, 1.0],
                [1.0, -0.0, 1e-06, -0.0, -0.0, 0.881146, 0.472842, 0.37472, -1e-06, -0.472843, 0.881148, -0.0, 0.0, 0.0, 0.0, 1.0],
                [1.0, -1e-06, 1e-06, -0.0, -0.0, 0.367116, 0.930174, 0.37472, -1e-06, -0.930178, 0.367118, -0.0, 0.0, 0.0, 0.0, 1.0],
                [1.0, -1e-06, 0.0, 0.0, -0.0, 0.307066, 0.951689, 0.37472, -1e-06, -0.95169, 0.307067, 0.0, 0.0, 0.0, 0.0, 1.0],
                [1.0, -0.0, 1e-06, 0.0, -0.0, 0.753388, 0.657574, 0.37472, -1e-06, -0.657577, 0.753391, -0.0, 0.0, 0.0, 0.0, 1.0],
                [1.0, -0.0, 1e-06, -0.0, -0.0, 0.821451, 0.570277, 0.37472, -1e-06, -0.57028, 0.821453, 0.0, 0.0, 0.0, 0.0, 1.0]
            ]
        },
        {
            "name": "Knee_L",
            "time": [0.0, 0.0667, 0.1333, 0.2, 0.2333, 0.2667, 0.2833, 0.3, 0.3167, 0.3333, 0.4333, 0.6833, 0.9, 1.0167, 1.1],
            "transform": [
                [1.0, 0.0, -0.0, -0.0, -0.0, 1e-06, -1.0, 0.386147, -0.0, 1.0, 1e-06, 0.0, 0.0, 0.0, 0.0, 1.0],
                [1.0, 0.0, -0.0, 0.0, -0.0, 1e-06, -1.0, 0.390464, -0.0, 1.0, 1e-06, -0.0, 0.0, 0.0, 0.0, 1.0],
                [1.0, 0.0, -0.0, -0.0, -0.0, 1e-06, -1.0, 0.375511, -0.0, 1.0, 1e-06, -0.0, 0.0, 0.0, 0.0, 1.0],
                [1.0, 0.0, -0.0, -0.0, -0.0, 1e-06, -1.0, 0.37472, -0.0, 1.0, 1e-06, 0.0, 0.0, 0.0, 0.0, 1.0],
                [1.0, 0.0, -0.0, 0.0, -0.0, 1e-06, -1.0, 0.408512, -0.0, 1.0, 1e-06, -0.0, 0.0, 0.0, 0.0, 1.0],
                [1.0, 0.0, -0.0, -0.0, -0.0, 1e-06, -1.0, 0.395294, -0.0, 1.0, 1e-06, 0.0, 0.0, 0.0, 0.0, 1.0],
                [1.0, 0.0, -0.0, -0.0, -0.0, 1e-06, -1.0, 0.404426, -0.0, 1.0, 1e-06, -0.0, 0.0, 0.0, 0.0, 1.0],
                [1.0, 0.0, -0.0, -0.0, -0.0, 1e-06, -1.0, 0.404426, -0.0, 1.0, 1e-06, -0.0, 0.0, 0.0, 0.0, 1.0],
                [1.0, 0.0, -0.0, -0.0, -0.0, 1e-06, -1.0, 0.400415, 0.0, 1.0, 1e-06, -0.0, 0.0, 0.0, 0.0, 1.0],
                [1.0, 0.0, -0.0, -0.0, -0.0, 1e-06, -1.0, 0.37472, -0.0, 1.0, 1e-06, 0.0, 0.0, 0.0, 0.0, 1.0],
                [1.0, 0.0, -0.0, -0.0, -0.0, 1e-06, -1.0, 0.37472, -0.0, 1.0, 1e-06, 0.0, 0.0, 0.0, 0.0, 1.0],
                [1.0, 0.0, -0.0, -0.0, -0.0, 1e-06, -1.0, 0.445234, -0.0, 1.0, 1e-06, -0.0, 0.0, 0.0, 0.0, 1.0],
                [1.0, 0.0, -0.0, 0.0, -0.0, 1e-06, -1.0, 0.451935, -0.0, 1.0, 1e-06, -0.0, 0.0, 0.0, 0.0, 1.0],
                [1.0, 0.0, -0.0, 0.0, -0.0, 1e-06, -1.0, 0.395098, -0.0, 1.0, 1e-06, -0.0, 0.0, 0.0, 0.0, 1.0],
                [1.0, 0.0, -0.0, 0.0, -0.0, 1e-06, -1.0, 0.383464, -0.0, 1.0, 1e-06, 0.0, 0.0, 0.0, 0.0, 1.0]
            ]
        },
        {
            "name": "Torso",
            "time": [0.0, 0.0667, 0.1333, 0.2, 0.2333, 0.2667, 0.2833, 0.3, 0.3167, 0.3333, 0.4333, 0.6833, 0.9, 1.0167, 1.1],
            "transform": [
                [0.842933, 0.015171, 0.537805, 0.0, -0.026711, 0.99955, 0.013669, 0.05, -0.537356, -0.025888, 0.842958, 0.0, 0.0, 0.0, 0.0, 1.0],
                [0.962391, -0.023013, -0.270691, -0.0, 0.018266, 0.999632, -0.020044, 0.05, 0.271053, 0.014346, 0.962458, 0.0, 0.0, 0.0, 0.0, 1.0],
                [0.781466, -0.165984, -0.601464, 0.0, 0.097624, 0.984621, -0.144883, 0.05, 0.616263, 0.054504, 0.785652, 0.0, 0.0, 0.0, 0.0, 1.0],
                [0.668124, -0.260867, -0.69682, 0.0, 0.133733, 0.963375, -0.232431, 0.05, 0.731933, 0.062105, 0.678541, -0.0, 0.0, 0.0, 0.0, 1.0],
                [0.761716, -0.223589, -0.608109, -0.0, 0.12443, 0.97158, -0.201369, 0.05, 0.63585, 0.077719, 0.767889, 0.0, 0.0, 0.0, 0.0, 1.0],
                [0.841618, -0.184372, -0.507628, 0.0, 0.110904, 0.978893, -0.171665, 0.05, 0.528564, 0.088178, 0.844302, -0.0, 0.0, 0.0, 0.0, 1.0],
                [0.941415, 0.121697, -0.314529, -0.0, -0.13138, 0.991285, -0.009686, 0.05, 0.310609, 0.050442, 0.949198, -0.0, 0.0, 0.0, 0.0, 1.0],
                [0.941415, 0.121697, -0.314529, -0.0, -0.13138, 0.991285, -0.009686, 0.05, 0.310609, 0.050442, 0.949198, -0.0, 0.0, 0.0, 0.0, 1.0],
                [0.844944, 0.308852, 0.43667, 0.0, -0.356688, 0.93375, 0.029751, 0.05, -0.398551, -0.180893, 0.89913, -0.0, 0.0, 0.0, 0.0, 1.0],
                [0.844944, 0.308852, 0.43667, 0.0, -0.356688, 0.93375, 0.029751, 0.05, -0.398551, -0.180893, 0.89913, -0.0, 0.0, 0.0, 0.0, 1.0],
                [0.844944, 0.308852, 0.43667, 0.0, -0.356688, 0.93375, 0.029751, 0.05, -0.398551, -0.180893, 0.89913, -0.0, 0.0, 0.0, 0.0, 1.0],
                [0.854395, 0.080569, -0.51334, 0.0, -0.037515, 0.994893, 0.093709, 0.05, 0.518268, -0.060806, 0.853054, -0.0, 0.0, 0.0, 0.0, 1.0],
                [0.998336, 0.026111, 0.051421, -0.0, -0.02827, 0.998729, 0.041718, 0.05, -0.050267, -0.043102, 0.997805, 0.0, 0.0, 0.0, 0.0, 1.0],
                [0.902444, 0.016378, 0.430497, -0.0, -0.027446, 0.999433, 0.019512, 0.05, -0.429933, -0.029424, 0.902381, 0.0, 0.0, 0.0, 0.0, 1.0],
                [0.842933, 0.015171, 0.537805, -0.0, -0.026711, 0.99955, 0.013669, 0.05, -0.537356, -0.025888, 0.842958, 0.0, 0.0, 0.0, 0.0, 1.0]
            ]
        },
        {
            "name": "Chest",
            "time": [0.0, 0.0667, 0.1333, 0.2, 0.2333, 0.2667, 0.2833, 0.3, 0.3167, 0.3333, 0.4333, 0.6833, 0.9, 1.0167, 1.1],
            "transform": [
                [1.0, 0.0, -0.0, 0.0, -0.0, 0.999359, 0.035795, 0.3, 0.0, -0.035795, 0.999359, -0.0, 0.0, 0.0, 0.0, 1.0],
                [0.981837, 0.017355, -0.188931, 0.0, -0.005284, 0.997922, 0.064211, 0.3, 0.189653, -0.062046, 0.979889, -0.0, 0.0, 0.0, 0.0, 1.0],
                [0.91751, 0.116319, -0.380323, 0.0, -0.05209, 0.983183, 0.175035, 0.3, 0.394287, -0.140785, 0.908139, 0.0, 0.0, 0.0, 0.0, 1.0],
                [0.710844, 0.158644, -0.685225, -0.0, -0.001565, 0.974585, 0.224014, 0.3, 0.703348, -0.158167, 0.693025, 0.0, 0.0, 0.0, 0.0, 1.0],
                [0.614528, 0.069245, -0.78585, -0.0, 0.131084, 0.97333, 0.188271, 0.3, 0.777928, -0.21871, 0.589062, -0.0, 0.0, 0.0, 0.0, 1.0],
                [0.563269, -0.027799, -0.825806, -0.0, 0.246474, 0.959586, 0.135813, 0.3, 0.788656, -0.280039, 0.547357, 0.0, 0.0, 0.0, 0.0, 1.0],
                [0.952215, 0.119744, -0.280978, 0.0, 0.035003, 0.8711, 0.489857, 0.3, 0.303417, -0.476284, 0.825283, -0.0, 0.0, 0.0, 0.0, 1.0],
                [0.952215, 0.119744, -0.280978, 0.0, 0.035003, 0.8711, 0.489857, 0.3, 0.303417, -0.476284, 0.825283, -0.0, 0.0, 0.0, 0.0, 1.0],
                [0.897755, 0.133687, 0.419719, 0.0, -0.259854, 0.930111, 0.259556, 0.3, -0.355686, -0.342083, 0.869751, -0.0, 0.0, 0.0, 0.0, 1.0],
                [0.831605, 0.133687, 0.539037, 0.0, -0.293038, 0.930111, 0.221409, 0.3, -0.471765, -0.342083, 0.81266, -0.0, 0.0, 0.0, 0.0, 1.0],
                [0.831605, 0.133687, 0.539037, 0.0, -0.293038, 0.930111, 0.221409, 0.3, -0.471765, -0.342083, 0.81266, -0.0, 0.0, 0.0, 0.0, 1.0],
                [0.970006, -0.037183, 0.24022, 0.0, -0.006108, 0.984191, 0.177007, 0.3, -0.243004, -0.173165, 0.954444, -0.0, 0.0, 0.0, 0.0, 1.0],
                [0.998046, -0.009673, 0.061723, -0.0, 0.004885, 0.997, 0.077249, 0.3, -0.062285, -0.076797, 0.995099, 0.0, 0.0, 0.0, 0.0, 1.0],
                [0.999954, -0.00199, 0.00935, -0.0, 0.001585, 0.999066, 0.043167, 0.3, -0.009427, -0.04315, 0.999024, -0.0, 0.0, 0.0, 0.0, 1.0],
                [1.0, 0.0, -0.0, 0.0, -0.0, 0.999359, 0.035795, 0.3, 0.0, -0.035795, 0.999359, 0.0, 0.0, 0.0, 0.0, 1.0]
            ]
        },
        {
            "name": "Head",
            "time": [0.0, 0.0667, 0.1333, 0.2, 0.2333, 0.2667, 0.2833, 0.3, 0.3167, 0.3333, 0.4333, 0.6833, 0.9, 1.0167, 1.1],
            "transform": [
                [0.605579, -0.008554, -0.795739, 0.0, -0.044097, 0.998045, -0.044288, 0.4, 0.794562, 0.06191, 0.604018, -0.0, 0.0, 0.0, 0.0, 1.0],
                [0.990542, -0.000939, 0.137207, -0.0, -0.004323, 0.999267, 0.038051, 0.4, -0.137143, -0.038285, 0.989811, -0.0, 0.0, 0.0, 0.0, 1.0],
                [0.816075, -0.158656, 0.555743, 0.0, 0.143268, 0.987103, 0.071422, 0.4, -0.559908, 0.021335, 0.82828, 0.0, 0.0, 0.0, 0.0, 1.0],
                [0.684396, -0.272036, 0.676461, 0.0, 0.260485, 0.957786, 0.121629, 0.4, -0.680992, 0.092966, 0.726366, 0.0, 0.0, 0.0, 0.0, 1.0],
                [0.732105, -0.18704, 0.65501, -0.0, 0.144393, 0.982325, 0.119117, 0.4, -0.665712, 0.007373, 0.746172, -0.0, 0.0, 0.0, 0.0, 1.0],
                [0.767427, -0.097204, 0.633725, -0.0, 0.026338, 0.992385, 0.120323, 0.4, -0.640595, -0.075648, 0.764144, 0.0, 0.0, 0.0, 0.0, 1.0],
                [0.941243, -0.096031, -0.32379, 0.0, 0.115615, 0.992416, 0.041751, 0.4, 0.317325, -0.076733, 0.945207, -0.0, 0.0, 0.0, 0.0, 1.0],
                [0.941243, -0.096031, -0.32379, 0.0, 0.115615, 0.992416, 0.041751, 0.4, 0.317325, -0.076733, 0.945207, -0.0, 0.0, 0.0, 0.0, 1.0],
                [0.016469, -0.097204, -0.995128, 0.0, 0.077602, 0.992385, -0.095651, 0.4, 0.996849, -0.075648, 0.023887, 0.0, 0.0, 0.0, 0.0, 1.0],
                [0.016469, -0.097204, -0.995128, 0.0, 0.077602, 0.992385, -0.095651, 0.4, 0.996849, -0.075648, 0.023887, 0.0, 0.0, 0.0, 0.0, 1.0],
                [0.016469, -0.097204, -0.995128, 0.0, 0.077602, 0.992385, -0.095651, 0.4, 0.996849, -0.075648, 0.023887, 0.0, 0.0, 0.0, 0.0, 1.0],
                [0.852873, -0.075324, -0.516656, 0.0, 0.074467, 0.996971, -0.022424, 0.4, 0.51678, -0.019349, 0.855899, 0.0, 0.0, 0.0, 0.0, 1.0],
                [0.734547, -0.024377, -0.678119, -0.0, 0.000576, 0.999377, -0.035302, 0.4, 0.678557, 0.025541, 0.734103, 0.0, 0.0, 0.0, 0.0, 1.0],
                [0.638992, -0.010572, -0.769141, 0.0, -0.034312, 0.998519, -0.042231, 0.4, 0.768448, 0.053376, 0.637682, -0.0, 0.0, 0.0, 0.0, 1.0],
                [0.605579, -0.008554, -0.795739, 0.0, -0.044097, 0.998045, -0.044288, 0.4, 0.794562, 0.06191, 0.604018, -0.0, 0.0, 0.0, 0.0, 1.0]
            ]
        },
        {
            "name": "Shoulder_R",
            "time": [0.0, 0.0667, 0.1333, 0.2, 0.2333, 0.2667, 0.2833, 0.3, 0.3167, 0.3333, 0.4333, 0.6833, 0.9, 1.0167, 1.1],
            "transform": [
                [-0.027817, 0.884584, 0.46555, 0.0, -0.227381, -0.459121, 0.858781, 0.4, 0.973408, -0.081969, 0.213909, -0.0, 0.0, 0.0, 0.0, 1.0],
                [0.078629, 0.860225, 0.503816, -0.0, -0.446126, -0.421588, 0.789452, 0.4, 0.891509, -0.286839, 0.35062, -0.0, 0.0, 0.0, 0.0, 1.0],
                [0.153919, 0.824372, 0.54472, 0.0, -0.603726, -0.357951, 0.71231, 0.4, 0.782191, -0.4385, 0.442599, 0.0, 0.0, 0.0, 0.0, 1.0],
                [0.19048, 0.798797, 0.57065, 0.0, -0.681518, -0.310787, 0.662528, 0.4, 0.706576, -0.515106, 0.485196, 0.0, 0.0, 0.0, 0.0, 1.0],
                [0.291817, 0.799827, 0.524518, -0.0, -0.579304, -0.288565, 0.762324, 0.4, 0.761085, -0.526314, 0.379135, -0.0, 0.0, 0.0, 0.0, 1.0],
                [0.289249, 0.744218, 0.602058, -0.0, -0.38345, -0.486198, 0.785224, 0.4, 0.877098, -0.457984, 0.144739, 0.0, 0.0, 0.0, 0.0, 1.0],
                [0.150017, 0.880918, 0.448864, 0.0, -0.287346, -0.395556, 0.872334, 0.4, 0.946006, -0.259844, 0.193788, -0.0, 0.0, 0.0, 0.0, 1.0],
                [0.150017, 0.880918, 0.448864, 0.0, -0.287346, -0.395556, 0.872334, 0.4, 0.946006, -0.259844, 0.193788, -0.0, 0.0, 0.0, 0.0, 1.0],
                [0.154391, 0.887053, 0.435087, 0.0, -0.508489, -0.306228, 0.804775, 0.4, 0.847114, -0.345487, 0.403778, 0.0, 0.0, 0.0, 0.0, 1.0],
                [0.154391, 0.887053, 0.435087, 0.0, -0.508489, -0.306228, 0.804775, 0.4, 0.847114, -0.345487, 0.403778, 0.0, 0.0, 0.0, 0.0, 1.0],
                [0.154391, 0.887053, 0.435087, 0.0, -0.508489, -0.306228, 0.804775, 0.4, 0.847114, -0.345487, 0.403778, 0.0, 0.0, 0.0, 0.0, 1.0],
                [0.087214, 0.892729, 0.442073, 0.0, -0.412648, -0.371528, 0.831678, 0.4, 0.906706, -0.254954, 0.33598, 0.0, 0.0, 0.0, 0.0, 1.0],
                [0.043234, 0.854331, 0.517927, -0.0, -0.317638, -0.479759, 0.817886, 0.4, 0.947226, -0.199874, 0.250626, 0.0, 0.0, 0.0, 0.0, 1.0],
                [-0.020465, 0.885811, 0.463595, 0.0, -0.240058, -0.45448, 0.857799, 0.4, 0.970542, -0.093735, 0.221947, -0.0, 0.0, 0.0, 0.0, 1.0],
                [-0.027817, 0.884584, 0.46555, 0.0, -0.227381, -0.459121, 0.858781, 0.4, 0.973408, -0.081969, 0.213909, -0.0, 0.0, 0.0, 0.0, 1.0]
            ]
        },
        {
            "name": "Arm_R",
            "time": [0.0, 0.0667, 0.1333, 0.2, 0.2333, 0.2667, 0.2833, 0.3, 0.3167, 0.3333, 0.4333, 0.6833, 0.9, 1.0167, 1.1],
            "transform": [
                [-0.676143, 0.02253, -0.736426, -0.0, 0.480017, 0.771749, -0.417114, 0.393861, 0.558939, -0.635526, -0.532628, -0.0, 0.0, 0.0, 0.0, 1.0],
                [-0.887305, -0.230039, -0.399711, -0.0, 0.291436, 0.392029, -0.872569, 0.39386, 0.357425, -0.890726, -0.280809, 0.0, 0.0, 0.0, 0.0, 1.0],
                [-0.922351, -0.113633, -0.369264, 0.0, 0.336607, 0.232785, -0.912418, 0.39386, 0.189641, -0.965865, -0.17646, -0.0, 0.0, 0.0, 0.0, 1.0],
                [-0.804587, 0.168916, -0.569304, -0.0, 0.57467, 0.463068, -0.674776, 0.39386, 0.149646, -0.870077, -0.46965, -0.0, 0.0, 0.0, 0.0, 1.0],
                [-0.566358, 0.155218, -0.809411, -0.0, 0.724137, 0.562662, -0.398792, 0.393861, 0.393527, -0.811984, -0.431068, 0.0, 0.0, 0.0, 0.0, 1.0],
                [-0.754243, -0.170019, -0.634201, -0.0, 0.640025, 0.025248, -0.767939, 0.393861, 0.146578, -0.985118, 0.089772, 0.0, 0.0, 0.0, 0.0, 1.0],
                [-0.616114, -0.709458, -0.342161, 0.0, 0.068629, 0.384398, -0.920613, 0.393861, 0.784662, -0.590684, -0.188144, -0.0, 0.0, 0.0, 0.0, 1.0],
                [-0.616114, -0.709458, -0.342161, 0.0, 0.068629, 0.384398, -0.920613, 0.393861, 0.784662, -0.590684, -0.188144, -0.0, 0.0, 0.0, 0.0, 1.0],
                [-0.910749, -0.011898, -0.412789, 0.0, 0.398051, 0.240876, -0.885174, 0.39386, 0.109964, -0.970483, -0.214641, -0.0, 0.0, 0.0, 0.0, 1.0],
                [-0.862124, 0.110305, -0.494546, -0.0, 0.496021, 0.38303, -0.779263, 0.393861, 0.10347, -0.917126, -0.384933, -0.0, 0.0, 0.0, 0.0, 1.0],
                [-0.862124, 0.110305, -0.494546, -0.0, 0.496021, 0.38303, -0.779263, 0.393861, 0.10347, -0.917126, -0.384933, -0.0, 0.0, 0.0, 0.0, 1.0],
                [-0.908176, -0.203062, -0.366034, -0.0, 0.230356, 0.487674, -0.842086, 0.39386, 0.349502, -0.849081, -0.396118, -0.0, 0.0, 0.0, 0.0, 1.0],
                [-0.842502, -0.170754, -0.510914, 0.0, 0.227933, 0.746351, -0.625304, 0.393861, 0.488094, -0.643274, -0.589883, -0.0, 0.0, 0.0, 0.0, 1.0],
                [-0.736835, 0.056769, -0.673684, 0.0, 0.395492, 0.844372, -0.361415, 0.39386, 0.548324, -0.53274, -0.644616, -0.0, 0.0, 0.0, 0.0, 1.0],
                [-0.676012, 0.193418, -0.711053, 0.0, 0.48203, 0.845921, -0.228171, 0.39386, 0.557363, -0.496996, -0.665087, 0.0, 0.0, 0.0, 0.0, 1.0]
            ]
        },
        {
            "name": "Hand_R",
            "time": [0.0, 0.0667, 0.1333, 0.2, 0.2333, 0.2667, 0.2833, 0.3, 0.3167, 0.3333, 0.4333, 0.6833, 0.9, 1.0167, 1.1],
            "transform": [
                [1.0, 0.0, 0.0, -0.0, -0.0, 0.435854, -0.900018, 0.3, -0.0, 0.900017, 0.435853, -0.0, 0.0, 0.0, 0.0, 1.0],
                [1.0, 0.0, 0.0, 0.0, 0.0, 0.76263, -0.646835, 0.3, -0.0, 0.646834, 0.76263, -0.0, 0.0, 0.0, 0.0, 1.0],
                [1.0, 0.0, -0.0, 0.0, 0.0, 0.87858, -0.477596, 0.3, -0.0, 0.477595, 0.87858, 0.0, 0.0, 0.0, 0.0, 1.0],
                [1.0, 0.0, -0.0, -0.0, -0.0, 0.509858, -0.860259, 0.3, -0.0, 0.860259, 0.509858, -0.0, 0.0, 0.0, 0.0, 1.0],
                [1.0, 0.0, -0.0, 0.0, 0.0, 0.619415, -0.785064, 0.3, -0.0, 0.785064, 0.619415, 0.0, 0.0, 0.0, 0.0, 1.0],
                [1.0, 0.0, -0.0, -0.0, -0.0, 0.814924, -0.579568, 0.3, -0.0, 0.579569, 0.814924, -0.0, 0.0, 0.0, 0.0, 1.0],
                [1.0, 0.0, -0.0, -0.0, -0.0, 0.331337, -0.943513, 0.3, 0.0, 0.943512, 0.331337, -0.0, 0.0, 0.0, 0.0, 1.0],
                [1.0, 0.0, -0.0, -0.0, -0.0, 0.331337, -0.943513, 0.3, 0.0, 0.943512, 0.331337, -0.0, 0.0, 0.0, 0.0, 1.0],
                [1.0, 0.0, 0.0, -0.0, -0.0, 0.563326, -0.826235, 0.3, -0.0, 0.826235, 0.563326, -0.0, 0.0, 0.0, 0.0, 1.0],
                [1.0, 0.0, 0.0, 0.0, -0.0, 0.354448, -0.935076, 0.3, -0.0, 0.935076, 0.354448, 0.0, 0.0, 0.0, 0.0, 1.0],
                [1.0, 0.0, 0.0, 0.0, -0.0, 0.354448, -0.935076, 0.3, -0.0, 0.935076, 0.354448, 0.0, 0.0, 0.0, 0.0, 1.0],
                [1.0, 0.0, 0.0, 0.0, -0.0, 0.368473, -0.929639, 0.3, -0.0, 0.929639, 0.368473, -0.0, 0.0, 0.0, 0.0, 1.0],
                [1.0, 0.0, 0.0, -0.0, -0.0, 0.036111, -0.999348, 0.3, -0.0, 0.999347, 0.036111, -0.0, 0.0, 0.0, 0.0, 1.0],
                [1.0, 0.0, -0.0, -0.0, -0.0, 0.357539, -0.933899, 0.3, -0.0, 0.933898, 0.357539, 0.0, 0.0, 0.0, 0.0, 1.0],
                [1.0, 0.0, 0.0, -0.0, -0.0, 0.289199, -0.957269, 0.3, -0.0, 0.957269, 0.289199, 0.0, 0.0, 0.0, 0.0, 1.0]
            ]
        },
        {
            "name": "Tool_R",
            "time": [0.0, 0.0667, 0.1333, 0.2, 0.2333, 0.2667, 0.2833, 0.3, 0.3167, 0.3333, 0.4333, 0.6833, 0.9, 1.0167, 1.1],
            "transform": [
                [0.526127, -0.850274, 0.015031, -0.015831, -0.849017, -0.524175, 0.066421, 0.258117, -0.048578, -0.047685, -0.997087, 0.565135, 0.0, 0.0, 0.0, 1.0],
                [0.57108, -0.787054, -0.23327, 0.152528, -0.796812, -0.599799, 0.07301, 0.278425, -0.197269, 0.144086, -0.969093, 0.574486, 0.0, 0.0, 0.0, 1.0],
                [0.547305, -0.72876, -0.41154, 0.223147, -0.670475, -0.676088, 0.305563, 0.171472, -0.50063, 0.108619, -0.85813, 0.498075, 0.0, 0.0, 0.0, 1.0],
                [0.789152, -0.411265, -0.45618, 0.255601, -0.441573, -0.896145, 0.044028, 0.337957, -0.426662, 0.166584, -0.888271, 0.553966, 0.0, 0.0, 0.0, 1.0],
                [0.306777, -0.74248, -0.595492, 0.34086, -0.604126, -0.635369, 0.480976, -0.013424, -0.735043, 0.212067, -0.643083, 0.434284, 0.0, 0.0, 0.0, 1.0],
                [0.120833, -0.239567, -0.963331, 0.505767, 0.317146, -0.910265, 0.266151, 0.179707, -0.940087, -0.337486, -0.03399, 0.05607, 0.0, 0.0, 0.0, 1.0],
                [-0.562137, -0.422303, -0.7111, 0.426724, -0.231728, -0.744945, 0.625588, -0.107838, -0.79345, 0.516134, 0.320718, -0.105879, 0.0, 0.0, 0.0, 1.0],
                [-0.562137, -0.422303, -0.7111, 0.426724, -0.231728, -0.744945, 0.625588, -0.107838, -0.79345, 0.516134, 0.320718, -0.105879, 0.0, 0.0, 0.0, 1.0],
                [-0.450212, -0.660992, -0.600333, 0.304247, -0.302051, -0.519952, 0.799009, -0.094605, -0.839788, 0.540729, 0.034424, -0.070443, 0.0, 0.0, 0.0, 1.0],
                [-0.438937, -0.636807, -0.633886, 0.344391, -0.316406, -0.550744, 0.772379, -0.061292, -0.84047, 0.539266, 0.040237, -0.077472, 0.0, 0.0, 0.0, 1.0],
                [-0.438937, -0.636807, -0.633886, 0.344391, -0.316406, -0.550744, 0.772379, -0.061292, -0.84047, 0.539266, 0.040237, -0.077472, 0.0, 0.0, 0.0, 1.0],
                [0.120016, -0.590458, -0.798096, 0.3741, -0.209874, -0.800827, 0.560918, -0.028766, -0.969762, 0.100112, -0.219897, 0.124457, 0.0, 0.0, 0.0, 1.0],
                [0.194998, -0.863526, -0.46508, 0.238957, -0.961897, -0.261029, 0.081356, 0.248589, -0.191549, 0.431236, -0.881, 0.396888, 0.0, 0.0, 0.0, 1.0],
                [0.944996, 0.326785, -0.013952, 0.006512, 0.326693, -0.945092, -0.008488, 0.319884, -0.015946, 0.003451, -0.999275, 0.536685, 0.0, 0.0, 0.0, 1.0],
                [0.926857, 0.368193, 0.073287, -0.025764, 0.370969, -0.928214, -0.028293, 0.340353, 0.057579, 0.05337, -0.99632, 0.554108, 0.0, 0.0, 0.0, 1.0]
            ]
        },
        {
            "name": "Elbow_R",
            "time": [0.0, 0.0667, 0.1333, 0.2, 0.2333, 0.2667, 0.2833, 0.3, 0.3167, 0.3333, 0.4333, 0.6833, 0.9, 1.0167, 1.1],
            "transform": [
                [-1.0, 0.0, -0.0, -0.0, 0.0, -0.0, -1.0, 0.415262, -0.0, -1.0, 0.0, -0.0, 0.0, 0.0, 0.0, 1.0],
                [-1.0, 0.0, -0.0, 0.0, -0.0, -0.0, -1.0, 0.376243, -0.0, -1.0, 0.0, -0.0, 0.0, 0.0, 0.0, 1.0],
                [-1.0, 0.0, -0.0, -0.0, 0.0, 0.0, -1.0, 0.356984, -0.0, -1.0, 0.0, -0.0, 0.0, 0.0, 0.0, 1.0],
                [-1.0, 0.0, -0.0, -0.0, 0.0, -0.0, -1.0, 0.407387, -0.0, -1.0, 0.0, -0.0, 0.0, 0.0, 0.0, 1.0],
                [-1.0, 0.0, -0.0, 0.0, 0.0, 0.0, -1.0, 0.394926, -0.0, -1.0, 0.0, 0.0, 0.0, 0.0, 0.0, 1.0],
                [-1.0, 0.0, -0.0, 0.0, 0.0, -0.0, -1.0, 0.368256, -0.0, -1.0, 0.0, 0.0, 0.0, 0.0, 0.0, 1.0],
                [-1.0, 0.0, -0.0, -0.0, 0.0, -0.0, -1.0, 0.425876, -0.0, -1.0, 0.0, -0.0, 0.0, 0.0, 0.0, 1.0],
                [-1.0, 0.0, -0.0, -0.0, 0.0, -0.0, -1.0, 0.425876, -0.0, -1.0, 0.0, -0.0, 0.0, 0.0, 0.0, 1.0],
                [-1.0, 0.0, -0.0, -0.0, 0.0, -0.0, -1.0, 0.401448, -0.0, -1.0, 0.0, -0.0, 0.0, 0.0, 0.0, 1.0],
                [-1.0, 0.0, 0.0, -0.0, 0.0, -0.0, -1.0, 0.423571, -0.0, -1.0, 0.0, -0.0, 0.0, 0.0, 0.0, 1.0],
                [-1.0, 0.0, 0.0, -0.0, 0.0, -0.0, -1.0, 0.423571, -0.0, -1.0, 0.0, -0.0, 0.0, 0.0, 0.0, 1.0],
                [-1.0, 0.0, -0.0, 0.0, 0.0, -0.0, -1.0, 0.422161, -0.0, -1.0, 0.0, -0.0, 0.0, 0.0, 0.0, 1.0],
                [-1.0, 0.0, -0.0, -0.0, 0.0, -0.0, -1.0, 0.4472, -0.0, -1.0, 0.0, -0.0, 0.0, 0.0, 0.0, 1.0],
                [-1.0, 0.0, -0.0, -0.0, 0.0, -0.0, -1.0, 0.423261, -0.0, -1.0, 0.0, -0.0, 0.0, 0.0, 0.0, 1.0],
                [-1.0, 0.0, -0.0, -0.0, 0.0, 0.0, -1.0, 0.430031, -0.0, -1.0, 0.0, 0.0, 0.0, 0.0, 0.0, 1.0]
            ]
        },
        {
            "name": "Shoulder_L",
            "time": [0.0, 0.0667, 0.1333, 0.2, 0.2333, 0.2667, 0.2833, 0.3, 0.3167, 0.3333, 0.4333, 0.6833, 0.9, 1.0167, 1.1],
            "transform": [
                [0.087394, -0.942294, -0.323177, 0.0, -0.135622, -0.332653, 0.933246, 0.4, -0.986899, -0.03773, -0.156867, -0.0, 0.0, 0.0, 0.0, 1.0],
                [0.186483, -0.933439, -0.306455, -0.0, -0.06079, -0.322293, 0.944686, 0.4, -0.980576, -0.157539, -0.116846, -0.0, 0.0, 0.0, 0.0, 1.0],
                [0.139713, -0.910727, -0.388659, 0.0, -0.028232, -0.396013, 0.917811, 0.4, -0.989789, -0.117258, -0.08104, 0.0, 0.0, 0.0, 0.0, 1.0],
                [0.217452, -0.898424, -0.381508, 0.0, -0.008364, -0.392562, 0.919688, 0.4, -0.976035, -0.196797, -0.092877, 0.0, 0.0, 0.0, 0.0, 1.0],
                [0.507975, -0.81574, -0.276642, -0.0, 0.083971, -0.272738, 0.958417, 0.4, -0.857269, -0.510081, -0.070045, -0.0, 0.0, 0.0, 0.0, 1.0],
                [0.664252, -0.657594, -0.355442, -0.0, 0.121399, -0.374287, 0.919332, 0.4, -0.737585, -0.653818, -0.168789, 0.0, 0.0, 0.0, 0.0, 1.0],
                [0.759031, -0.634198, -0.147187, 0.0, 0.011343, -0.213159, 0.976952, 0.4, -0.650955, -0.743206, -0.154601, -0.0, 0.0, 0.0, 0.0, 1.0],
                [0.759031, -0.634198, -0.147187, 0.0, 0.011343, -0.213159, 0.976952, 0.4, -0.650955, -0.743206, -0.154601, -0.0, 0.0, 0.0, 0.0, 1.0],
                [0.717551, -0.666936, -0.200792, 0.0, -0.225793, -0.495455, 0.838774, 0.4, -0.658892, -0.556525, -0.506103, 0.0, 0.0, 0.0, 0.0, 1.0],
                [0.717551, -0.666936, -0.200792, 0.0, -0.225793, -0.495455, 0.838774, 0.4, -0.658892, -0.556525, -0.506103, 0.0, 0.0, 0.0, 0.0, 1.0],
                [0.717551, -0.666936, -0.200792, 0.0, -0.225793, -0.495455, 0.838774, 0.4, -0.658892, -0.556525, -0.506103, 0.0, 0.0, 0.0, 0.0, 1.0],
                [0.803299, -0.547204, -0.235114, 0.0, 0.080538, -0.291335, 0.953225, 0.4, -0.590106, -0.78466, -0.189958, 0.0, 0.0, 0.0, 0.0, 1.0],
                [0.630093, -0.694061, -0.348226, -0.0, 0.41502, -0.078022, 0.906461, 0.4, -0.656309, -0.715675, 0.238888, 0.0, 0.0, 0.0, 0.0, 1.0],
                [0.17128, -0.867708, -0.466632, 0.0, 0.036225, -0.467764, 0.883111, 0.4, -0.984556, -0.168163, -0.048686, -0.0, 0.0, 0.0, 0.0, 1.0],
                [0.102168, -0.870135, -0.482107, 0.0, 0.022978, -0.48245, 0.875622, 0.4, -0.994502, -0.100539, -0.029297, -0.0, 0.0, 0.0, 0.0, 1.0]
            ]
        },
        {
            "name": "Arm_L",
            "time": [0.0, 0.0667, 0.1333, 0.2, 0.2333, 0.2667, 0.2833, 0.3, 0.3167, 0.3333, 0.4333, 0.6833, 0.9, 1.0167, 1.1],
            "transform": [
                [-0.034837, 0.989446, -0.140649, -0.0, -0.62587, -0.131321, -0.768793, 0.39386, -0.779149, 0.061245, 0.62384, 0.0, 0.0, 0.0, 0.0, 1.0],
                [0.631299, 0.770192, 0.090916, 0.0, -0.245429, 0.309609, -0.918644, 0.39386, -0.73568, 0.557626, 0.384483, -0.0, 0.0, 0.0, 0.0, 1.0],
                [0.518834, 0.854842, -0.00753, 0.0, 0.147446, -0.098159, -0.984187, 0.39386, -0.842063, 0.50952, -0.176972, 0.0, 0.0, 0.0, 0.0, 1.0],
                [0.398928, 0.916511, 0.029386, 0.0, 0.310026, -0.104647, -0.944951, 0.39386, -0.862983, 0.386078, -0.325889, -0.0, 0.0, 0.0, 0.0, 1.0],
                [-0.033224, 0.934865, -0.353443, 0.0, 0.125841, -0.346911, -0.929417, 0.39386, -0.991494, -0.075356, -0.106118, 0.0, 0.0, 0.0, 0.0, 1.0],
                [-0.475473, 0.819236, 0.32059, 0.0, 0.256994, 0.47787, -0.839997, 0.39386, -0.841356, -0.317005, -0.437753, -0.0, 0.0, 0.0, 0.0, 1.0],
                [0.186849, 0.94478, -0.269215, -0.0, 0.613414, -0.326256, -0.719222, 0.39386, -0.76734, -0.030755, -0.640503, 0.0, 0.0, 0.0, 0.0, 1.0],
                [0.186849, 0.94478, -0.269215, -0.0, 0.613414, -0.326256, -0.719222, 0.39386, -0.76734, -0.030755, -0.640503, 0.0, 0.0, 0.0, 0.0, 1.0],
                [-0.12251, 0.987863, -0.095483, 0.0, 0.319153, -0.051884, -0.946282, 0.393861, -0.939752, -0.146402, -0.308923, -0.0, 0.0, 0.0, 0.0, 1.0],
                [-0.118301, 0.970374, -0.210665, 0.0, 0.373637, -0.153062, -0.914859, 0.39386, -0.92, -0.18694, -0.34446, 0.0, 0.0, 0.0, 0.0, 1.0],
                [-0.118301, 0.970374, -0.210665, 0.0, 0.373637, -0.153062, -0.914859, 0.39386, -0.92, -0.18694, -0.34446, 0.0, 0.0, 0.0, 0.0, 1.0],
                [-0.20616, 0.965945, -0.156356, -0.0, -0.210508, -0.199828, -0.95695, 0.39386, -0.955607, -0.164369, 0.244536, 0.0, 0.0, 0.0, 0.0, 1.0],
                [-0.281305, 0.953917, 0.104441, -0.0, -0.594998, -0.087994, -0.798895, 0.39386, -0.752891, -0.286876, 0.592332, 0.0, 0.0, 0.0, 0.0, 1.0],
                [-0.015545, 0.927917, 0.372461, -0.0, -0.31707, 0.348706, -0.88197, 0.393861, -0.948275, -0.131807, 0.288794, 0.0, 0.0, 0.0, 0.0, 1.0],
                [-0.023399, 0.982479, 0.184899, 0.0, -0.354661, 0.164762, -0.920363, 0.39386, -0.934702, -0.087112, 0.344592, 0.0, 0.0, 0.0, 0.0, 1.0]
            ]
        },
        {
            "name": "Hand_L",
            "time": [0.0, 0.0667, 0.1333, 0.2, 0.2333, 0.2667, 0.2833, 0.3, 0.3167, 0.3333, 0.4333, 0.6833, 0.9, 1.0167, 1.1],
            "transform": [
