{
    "animation": [
        {
            "name": "Root",
            "time": [0.0, 0.1167, 0.3167, 0.3833, 0.45, 0.5, 0.55, 0.5833, 0.6, 0.6167, 0.6333, 0.6667, 0.6833, 0.7, 0.75, 0.7833, 0.85, 0.9, 0.9333, 0.9833, 1.0333, 1.0667, 1.1, 1.35, 1.5167, 1.6333, 1.75, 2.1],
            "transform": [
                [0.949015, 0.0, 0.31523, -0.010651, 0.31523, 0.0, -0.949015, -0.008519, 0.0, 1.0, 0.0, 0.695179, 0.0, 0.0, 0.0, 1.0],
                [0.542066, 0.0, 0.840336, -0.010651, 0.840336, 0.0, -0.542066, -0.008519, 0.0, 1.0, 0.0, 0.71836, 0.0, 0.0, 0.0, 1.0],
                [0.542066, 0.0, 0.840336, -0.041011, 0.840336, 0.0, -0.542066, -0.008519, 0.0, 1.0, 0.0, 0.704851, 0.0, 0.0, 0.0, 1.0],
                [0.542066, 0.0, 0.840336, -0.034326, 0.840336, 0.0, -0.542066, -0.008519, 0.0, 1.0, 0.0, 0.698308, 0.0, 0.0, 0.0, 1.0],
                [0.542066, 0.0, 0.840336, -0.022744, 0.840336, 0.0, -0.542066, -0.008519, 0.0, 1.0, 0.0, 0.692172, 0.0, 0.0, 0.0, 1.0],
                [0.542066, 0.0, 0.840336, -0.014944, 0.840336, 0.0, -0.542066, -0.008519, 0.0, 1.0, 0.0, 0.688824, 0.0, 0.0, 0.0, 1.0],
                [0.542066, 0.0, 0.840336, -0.011355, 0.840336, 0.0, -0.542066, -0.008519, 0.0, 1.0, 0.0, 0.687506, 0.0, 0.0, 0.0, 1.0],
                [0.571699, 0.0, 0.820463, -0.011355, 0.820463, 0.0, -0.571699, -0.008519, 0.0, 1.0, 0.0, 0.687506, 0.0, 0.0, 0.0, 1.0],
                [0.630221, 0.0, 0.776416, -0.011355, 0.776416, 0.0, -0.630221, -0.008519, 0.0, 1.0, 0.0, 0.687506, 0.0, 0.0, 0.0, 1.0],
                [0.745852, 0.0, 0.666111, -0.011355, 0.666111, 0.0, -0.745852, -0.008519, 0.0, 1.0, 0.0, 0.687506, 0.0, 0.0, 0.0, 1.0],
                [0.896025, 0.0, 0.444005, -0.011355, 0.444005, 0.0, -0.896025, -0.008519, 0.0, 1.0, 0.0, 0.687506, 0.0, 0.0, 0.0, 1.0],
                [0.896025, 0.0, 0.444005, -0.011355, 0.444005, 0.0, -0.896025, -0.008519, 0.0, 1.0, 0.0, 0.687506, 0.0, 0.0, 0.0, 1.0],
                [0.896025, 0.0, 0.444005, -0.011355, 0.444005, 0.0, -0.896025, 0.073281, 0.0, 1.0, 0.0, 0.695154, 0.0, 0.0, 0.0, 1.0],
                [0.896025, 0.0, 0.444005, -0.011355, 0.444005, 0.0, -0.896025, 0.15508, 0.0, 1.0, 0.0, 0.702801, 0.0, 0.0, 0.0, 1.0],
                [0.911488, 0.0, 0.411326, 0.072136, 0.411326, 0.0, -0.911488, 0.424164, 0.0, 1.0, 0.0, 0.651235, 0.0, 0.0, 0.0, 1.0],
                [0.918967, 0.0, 0.394335, 0.115005, 0.394335, 0.0, -0.918967, 0.500082, 0.0, 1.0, 0.0, 0.624757, 0.0, 0.0, 0.0, 1.0],
                [0.987175, 0.0, 0.159645, -0.007514, 0.159645, 0.0, -0.987175, 0.563764, 0.0, 1.0, 0.0, 0.564088, 0.0, 0.0, 0.0, 1.0],
                [0.999199, 0.0, 0.040013, -0.083902, 0.040013, 0.0, -0.999199, 0.570561, 0.0, 1.0, 0.0, 0.600113, 0.0, 0.0, 0.0, 1.0],
                [0.999199, 0.0, 0.040013, -0.083902, 0.040013, 0.0, -0.999199, 0.570561, 0.0, 1.0, 0.0, 0.648813, 0.0, 0.0, 0.0, 1.0],
                [0.966662, 0.0, -0.256054, -0.083902, -0.256054, 0.0, -0.966662, 0.570561, 0.0, 1.0, 0.0, 0.649933, 0.0, 0.0, 0.0, 1.0],
                [0.848369, 0.0, -0.529406, -0.083902, -0.529406, 0.0, -0.848369, 0.570561, 0.0, 1.0, 0.0, 0.650093, 0.0, 0.0, 0.0, 1.0],
                [0.848369, 0.0, -0.529406, -0.083902, -0.529406, 0.0, -0.848369, 0.570561, 0.0, 1.0, 0.0, 0.650093, 0.0, 0.0, 0.0, 1.0],
                [0.848369, 0.0, -0.529406, -0.083902, -0.529406, 0.0, -0.848369, 0.570561, 0.0, 1.0, 0.0, 0.650093, 0.0, 0.0, 0.0, 1.0],
                [0.848369, 0.0, -0.529406, -0.083902, -0.529406, 0.0, -0.848369, 0.570561, 0.0, 1.0, 0.0, 0.650093, 0.0, 0.0, 0.0, 1.0],
                [0.89437, 0.0, -0.447329, -0.075875, -0.447329, 0.0, -0.89437, 0.582118, 0.0, 1.0, 0.0, 0.655034, 0.0, 0.0, 0.0, 1.0],
                [0.956947, 0.0, -0.290264, -0.061743, -0.290264, 0.0, -0.956947, 0.523198, 0.0, 1.0, 0.0, 0.663733, 0.0, 0.0, 0.0, 1.0],
                [0.994916, 0.0, -0.100707, -0.045823, -0.100707, 0.0, -0.994916, 0.512983, 0.0, 1.0, 0.0, 0.673531, 0.0, 0.0, 0.0, 1.0],
                [0.949015, 0.0, 0.31523, -0.010651, 0.31523, 0.0, -0.949015, 0.496677, 0.0, 1.0, 0.0, 0.695179, 0.0, 0.0, 0.0, 1.0]
            ]
        },
        {
            "name": "Thigh_R",
            "time": [0.0, 0.1167, 0.3167, 0.3833, 0.45, 0.5, 0.55, 0.5833, 0.6, 0.6167, 0.6333, 0.6667, 0.6833, 0.7, 0.75, 0.7833, 0.85, 0.9, 0.9333, 0.9833, 1.0333, 1.0667, 1.1, 1.35, 1.5167, 1.6333, 1.75, 2.1],
            "transform": [
                [0.964728, 0.218199, 0.147263, 0.124994, 0.100134, -0.821531, 0.561301, -0.002831, 0.243459, -0.526755, -0.814405, -1.2e-05, 0.0, 0.0, 0.0, 1.0],
                [0.55442, 0.434806, 0.709617, 0.124994, 0.150634, -0.891009, 0.428264, -0.002831, 0.81849, -0.130545, -0.559493, -1.2e-05, 0.0, 0.0, 0.0, 1.0],
                [0.51909, 0.491946, 0.698949, 0.124994, 0.187807, -0.863417, 0.468228, -0.002831, 0.83383, -0.111784, -0.540585, -1.2e-05, 0.0, 0.0, 0.0, 1.0],
                [0.525132, 0.511798, 0.679923, 0.124994, 0.181597, -0.847939, 0.498017, -0.002831, 0.831419, -0.138052, -0.538223, -1.2e-05, 0.0, 0.0, 0.0, 1.0],
                [0.536757, 0.52559, 0.660032, 0.124994, 0.169481, -0.833492, 0.525894, -0.002831, 0.826538, -0.170414, -0.536463, -1.2e-05, 0.0, 0.0, 0.0, 1.0],
                [0.54476, 0.531105, 0.648968, 0.124994, 0.16101, -0.825723, 0.540606, -0.002831, 0.822989, -0.19001, -0.535336, -1.2e-05, 0.0, 0.0, 0.0, 1.0],
                [0.548483, 0.532741, 0.644475, 0.124994, 0.15703, -0.822668, 0.546403, -0.002831, 0.821283, -0.19849, -0.534879, -1.2e-05, 0.0, 0.0, 0.0, 1.0],
                [0.581379, 0.524198, 0.622261, 0.124994, 0.15271, -0.821506, 0.549368, -0.002831, 0.799172, -0.224365, -0.55766, -1.2e-05, 0.0, 0.0, 0.0, 1.0],
                [0.645655, 0.503176, 0.574402, 0.124994, 0.144244, -0.819023, 0.555331, -0.002831, 0.749881, -0.275698, -0.60139, -1.2e-05, 0.0, 0.0, 0.0, 1.0],
                [0.769086, 0.442616, 0.461079, 0.124994, 0.127892, -0.813384, 0.567493, -0.002831, 0.626218, -0.377482, -0.682171, -1.2e-05, 0.0, 0.0, 0.0, 1.0],
                [0.917806, 0.306314, 0.25259, 0.124994, 0.108022, -0.804857, 0.583553, -0.002831, 0.382052, -0.508302, -0.771793, -1.2e-05, 0.0, 0.0, 0.0, 1.0],
                [0.917806, 0.306314, 0.25259, 0.124994, 0.108022, -0.804857, 0.583553, -0.002831, 0.382052, -0.508302, -0.771793, -1.2e-05, 0.0, 0.0, 0.0, 1.0],
                [0.921483, 0.276077, 0.273216, 0.124994, 0.100287, -0.848669, 0.519328, -0.002831, 0.375248, -0.451151, -0.809723, -1.2e-05, 0.0, 0.0, 0.0, 1.0],
                [0.925768, 0.231481, 0.298943, 0.124994, 0.09095, -0.903792, 0.418193, -0.002831, 0.366989, -0.35996, -0.857757, -1.2e-05, 0.0, 0.0, 0.0, 1.0],
                [0.877093, 0.031322, 0.479295, 0.124994, -0.010794, -0.996332, 0.084869, -0.002831, 0.480199, -0.079611, -0.873539, -1.2e-05, 0.0, 0.0, 0.0, 1.0],
                [0.829592, -0.049799, 0.556142, 0.124994, -0.017063, -0.99781, -0.06389, -0.002831, 0.558108, 0.043512, -0.828627, -1.2e-05, 0.0, 0.0, 0.0, 1.0],
                [0.917284, 0.186131, 0.352053, 0.124994, 0.199529, -0.97989, -0.001798, -0.002831, 0.34464, 0.071894, -0.935976, -1.2e-05, 0.0, 0.0, 0.0, 1.0],
                [0.902238, 0.306023, 0.303831, 0.124994, 0.32676, -0.944925, -0.018572, -0.002831, 0.281415, 0.116037, -0.952543, -1.2e-05, 0.0, 0.0, 0.0, 1.0],
                [0.827112, 0.275148, 0.490078, 0.124994, 0.366264, -0.925265, -0.098666, -0.002831, 0.426305, 0.261106, -0.866075, -1.2e-05, 0.0, 0.0, 0.0, 1.0],
                [0.615344, 0.491704, 0.616097, 0.124994, 0.449444, -0.860955, 0.238232, -0.002831, 0.647572, 0.130306, -0.750779, -1.2e-05, 0.0, 0.0, 0.0, 1.0],
                [0.686787, 0.563624, 0.458963, 0.124994, 0.417015, -0.822714, 0.386312, -0.002831, 0.595332, -0.073919, -0.800072, -1.2e-05, 0.0, 0.0, 0.0, 1.0],
                [0.661302, 0.573051, 0.484033, 0.124994, 0.413826, -0.816904, 0.401763, -0.002831, 0.625641, -0.065381, -0.777366, -1.2e-05, 0.0, 0.0, 0.0, 1.0],
                [0.662834, 0.572506, 0.482581, 0.124994, 0.414032, -0.817245, 0.400856, -0.002831, 0.623881, -0.065896, -0.778736, -1.2e-05, 0.0, 0.0, 0.0, 1.0],
                [0.662834, 0.572506, 0.482581, 0.124994, 0.414032, -0.817245, 0.400856, -0.002831, 0.623881, -0.065896, -0.778736, -1.2e-05, 0.0, 0.0, 0.0, 1.0],
                [0.753381, 0.54535, 0.367431, 0.124994, 0.285878, -0.774821, 0.563848, -0.002831, 0.59219, -0.319751, -0.739642, -1.2e-05, 0.0, 0.0, 0.0, 1.0],
                [0.940889, 0.229514, -0.249095, 0.124994, 0.33715, -0.564032, 0.753789, -0.002831, 0.032509, -0.793212, -0.608073, -1.2e-05, 0.0, 0.0, 0.0, 1.0],
                [0.956823, 0.236652, -0.168769, 0.124994, 0.278918, -0.584081, 0.762269, -0.002831, 0.08182, -0.776427, -0.62487, -1.2e-05, 0.0, 0.0, 0.0, 1.0],
                [0.964728, 0.218199, 0.147263, 0.124994, 0.100134, -0.821531, 0.561301, -0.002831, 0.243459, -0.526755, -0.814405, -1.2e-05, 0.0, 0.0, 0.0, 1.0]
            ]
        },
        {
            "name": "Leg_R",
            "time": [0.0, 0.1167, 0.3167, 0.3833, 0.45, 0.5, 0.55, 0.5833, 0.6, 0.6167, 0.6333, 0.6667, 0.6833, 0.7, 0.75, 0.7833, 0.85, 0.9, 0.9333, 0.9833, 1.0333, 1.0667, 1.1, 1.35, 1.5167, 1.6333, 1.75, 2.1],
            "transform": [
                [1.0, -0.0, 1e-06, 0.0, -0.0, 0.818375, 0.574686, 0.37472, -1e-06, -0.574686, 0.818374, -0.0, 0.0, 0.0, 0.0, 1.0],
                [1.0, -0.0, 1e-06, -0.0, -0.0, 0.877827, 0.478979, 0.37472, -1e-06, -0.478979, 0.877827, -0.0, 0.0, 0.0, 0.0, 1.0],
                [1.0, -0.0, 1e-06, 0.0, -0.0, 0.836544, 0.5479, 0.37472, -1e-06, -0.5479, 0.836544, -0.0, 0.0, 0.0, 0.0, 1.0],
                [1.0, -0.0, 1e-06, -0.0, -0.0, 0.798302, 0.602259, 0.37472, -1e-06, -0.602259, 0.798301, 0.0, 0.0, 0.0, 0.0, 1.0],
                [1.0, -0.0, 1e-06, -0.0, -0.0, 0.758517, 0.651655, 0.37472, -1e-06, -0.651654, 0.758516, -0.0, 0.0, 0.0, 0.0, 1.0],
                [1.0, -0.0, 1e-06, 0.0, -0.0, 0.736176, 0.676792, 0.37472, -1e-06, -0.676791, 0.736175, 0.0, 0.0, 0.0, 0.0, 1.0],
                [1.0, -0.0, 1e-06, 0.0, -0.0, 0.727137, 0.686494, 0.37472, -1e-06, -0.686494, 0.727136, 0.0, 0.0, 0.0, 0.0, 1.0],
                [1.0, -0.0, 1e-06, -0.0, -0.0, 0.727017, 0.686621, 0.37472, -1e-06, -0.686621, 0.727016, 0.0, 0.0, 0.0, 0.0, 1.0],
                [1.0, -0.0, 1e-06, -0.0, -0.0, 0.72785, 0.685739, 0.37472, -1e-06, -0.685737, 0.727849, -0.0, 0.0, 0.0, 0.0, 1.0],
                [1.0, -0.0, 1e-06, -0.0, -0.0, 0.734679, 0.678417, 0.37472, -1e-06, -0.678415, 0.734678, 0.0, 0.0, 0.0, 0.0, 1.0],
                [1.0, -0.0, 1e-06, 0.0, -0.0, 0.761115, 0.648619, 0.37472, -1e-06, -0.648618, 0.761114, 0.0, 0.0, 0.0, 0.0, 1.0],
                [1.0, -0.0, 1e-06, 0.0, -0.0, 0.761115, 0.648619, 0.37472, -1e-06, -0.648618, 0.761114, 0.0, 0.0, 0.0, 0.0, 1.0],
                [1.0, -0.0, 1e-06, -0.0, -0.0, 0.708282, 0.705931, 0.37472, -1e-06, -0.70593, 0.708281, -0.0, 0.0, 0.0, 0.0, 1.0],
                [1.0, -0.0, 1e-06, -0.0, -0.0, 0.703482, 0.710714, 0.37472, -1e-06, -0.710714, 0.703481, -0.0, 0.0, 0.0, 0.0, 1.0],
                [1.0, -0.0, 1e-06, -0.0, -0.0, 0.640185, 0.76822, 0.37472, -1e-06, -0.768222, 0.640185, 0.0, 0.0, 0.0, 0.0, 1.0],
                [1.0, -0.0, 1e-06, 0.0, -0.0, 0.679325, 0.733837, 0.37472, -1e-06, -0.73384, 0.679324, 0.0, 0.0, 0.0, 0.0, 1.0],
                [1.0, -0.0, 1e-06, 0.0, -0.0, 0.498665, 0.866794, 0.37472, -1e-06, -0.866797, 0.498664, 0.0, 0.0, 0.0, 0.0, 1.0],
                [1.0, -0.0, 1e-06, 0.0, -0.0, 0.66872, 0.743514, 0.37472, -1e-06, -0.743517, 0.668719, 0.0, 0.0, 0.0, 0.0, 1.0],
                [1.0, -0.0, 1e-06, 0.0, -0.0, 0.880201, 0.474602, 0.37472, -1e-06, -0.474604, 0.8802, 0.0, 0.0, 0.0, 0.0, 1.0],
                [1.0, -0.0, 1e-06, -0.0, -0.0, 0.805809, 0.592175, 0.37472, -1e-06, -0.592177, 0.805809, -0.0, 0.0, 0.0, 0.0, 1.0],
                [1.0, -0.0, 1e-06, -0.0, -0.0, 0.752408, 0.658699, 0.37472, -1e-06, -0.658699, 0.752407, -0.0, 0.0, 0.0, 0.0, 1.0],
                [1.0, -0.0, 1e-06, 0.0, -0.0, 0.752407, 0.658699, 0.37472, -1e-06, -0.658699, 0.752406, -0.0, 0.0, 0.0, 0.0, 1.0],
                [1.0, -0.0, 1e-06, 0.0, -0.0, 0.752407, 0.6587, 0.37472, -1e-06, -0.658699, 0.752406, -0.0, 0.0, 0.0, 0.0, 1.0],
                [1.0, -0.0, 1e-06, 0.0, -0.0, 0.752407, 0.6587, 0.37472, -1e-06, -0.658699, 0.752406, -0.0, 0.0, 0.0, 0.0, 1.0],
                [1.0, -0.0, 1e-06, 0.0, -0.0, 0.573379, 0.819292, 0.37472, -1e-06, -0.819291, 0.573378, 0.0, 0.0, 0.0, 0.0, 1.0],
                [1.0, -1e-06, 0.0, -0.0, -0.0, 0.407561, 0.91318, 0.37472, -1e-06, -0.913177, 0.407559, 0.0, 0.0, 0.0, 0.0, 1.0],
                [1.0, -0.0, 1e-06, -0.0, -0.0, 0.56414, 0.825681, 0.37472, -1e-06, -0.825679, 0.564139, -0.0, 0.0, 0.0, 0.0, 1.0],
                [1.0, -0.0, 1e-06, 0.0, -0.0, 0.818375, 0.574686, 0.37472, -1e-06, -0.574686, 0.818374, 0.0, 0.0, 0.0, 0.0, 1.0]
            ]
        },
        {
            "name": "Knee_R",
            "time": [0.0, 0.1167, 0.3167, 0.3833, 0.45, 0.5, 0.55, 0.5833, 0.6, 0.6167, 0.6333, 0.6667, 0.6833, 0.7, 0.75, 0.7833, 0.85, 0.9, 0.9333, 0.9833, 1.0333, 1.0667, 1.1, 1.35, 1.5167, 1.6333, 1.75, 2.1],
            "transform": [
                [1.0, 0.0, -0.0, 0.0, -0.0, 1e-06, -1.0, 0.384029, -0.0, 1.0, 1e-06, -0.0, 0.0, 0.0, 0.0, 1.0],
                [1.0, 0.0, -0.0, 0.0, -0.0, 1e-06, -1.0, 0.37472, -0.0, 1.0, 1e-06, -0.0, 0.0, 0.0, 0.0, 1.0],
                [1.0, 0.0, -0.0, 0.0, -0.0, 1e-06, -1.0, 0.380629, -0.0, 1.0, 1e-06, -0.0, 0.0, 0.0, 0.0, 1.0],
                [1.0, 0.0, -0.0, -0.0, -0.0, 1e-06, -1.0, 0.387612, -0.0, 1.0, 1e-06, -0.0, 0.0, 0.0, 0.0, 1.0],
                [1.0, 0.0, -0.0, -0.0, -0.0, 1e-06, -1.0, 0.394275, -0.0, 1.0, 1e-06, 0.0, 0.0, 0.0, 0.0, 1.0],
                [1.0, 0.0, -0.0, 0.0, -0.0, 1e-06, -1.0, 0.397808, -0.0, 1.0, 1e-06, 0.0, 0.0, 0.0, 0.0, 1.0],
                [1.0, 0.0, -0.0, 0.0, -0.0, 1e-06, -1.0, 0.399201, -0.0, 1.0, 1e-06, 0.0, 0.0, 0.0, 0.0, 1.0],
                [1.0, 0.0, -0.0, 0.0, -0.0, 1e-06, -1.0, 0.399219, -0.0, 1.0, 1e-06, 0.0, 0.0, 0.0, 0.0, 1.0],
                [1.0, 0.0, -0.0, -0.0, -0.0, 1e-06, -1.0, 0.399092, -0.0, 1.0, 1e-06, -0.0, 0.0, 0.0, 0.0, 1.0],
                [1.0, 0.0, -0.0, 0.0, -0.0, 1e-06, -1.0, 0.39804, -0.0, 1.0, 1e-06, -0.0, 0.0, 0.0, 0.0, 1.0],
                [1.0, 0.0, -0.0, 0.0, -0.0, 1e-06, -1.0, 0.393856, -0.0, 1.0, 1e-06, 0.0, 0.0, 0.0, 0.0, 1.0],
                [1.0, 0.0, -0.0, 0.0, -0.0, 1e-06, -1.0, 0.393856, -0.0, 1.0, 1e-06, 0.0, 0.0, 0.0, 0.0, 1.0],
                [1.0, 0.0, -0.0, 0.0, -0.0, 1e-06, -1.0, 0.402045, -0.0, 1.0, 1e-06, -0.0, 0.0, 0.0, 0.0, 1.0],
                [1.0, 0.0, -0.0, 0.0, -0.0, 1e-06, -1.0, 0.402757, -0.0, 1.0, 1e-06, -0.0, 0.0, 0.0, 0.0, 1.0],
                [1.0, 0.0, -0.0, 0.0, -0.0, 1e-06, -1.0, 0.411743, -0.0, 1.0, 1e-06, 0.0, 0.0, 0.0, 0.0, 1.0],
                [1.0, 0.0, -0.0, -0.0, -0.0, 1e-06, -1.0, 0.40627, -0.0, 1.0, 1e-06, -0.0, 0.0, 0.0, 0.0, 1.0],
                [1.0, 0.0, -0.0, 0.0, -0.0, 1e-06, -1.0, 0.429882, -0.0, 1.0, 1e-06, -0.0, 0.0, 0.0, 0.0, 1.0],
                [1.0, 0.0, -0.0, 0.0, -0.0, 1e-06, -1.0, 0.407778, -0.0, 1.0, 1e-06, 0.0, 0.0, 0.0, 0.0, 1.0],
                [1.0, 0.0, -0.0, 0.0, -0.0, 1e-06, -1.0, 0.37472, 0.0, 1.0, 1e-06, 0.0, 0.0, 0.0, 0.0, 1.0],
                [1.0, 0.0, -0.0, -0.0, -0.0, 1e-06, -1.0, 0.386291, -0.0, 1.0, 1e-06, 0.0, 0.0, 0.0, 0.0, 1.0],
                [1.0, 0.0, -0.0, 0.0, -0.0, 1e-06, -1.0, 0.395255, -0.0, 1.0, 1e-06, -0.0, 0.0, 0.0, 0.0, 1.0],
                [1.0, 0.0, -0.0, 0.0, -0.0, 1e-06, -1.0, 0.395255, 0.0, 1.0, 1e-06, -0.0, 0.0, 0.0, 0.0, 1.0],
                [1.0, 0.0, -0.0, 0.0, -0.0, 1e-06, -1.0, 0.395255, -0.0, 1.0, 1e-06, -0.0, 0.0, 0.0, 0.0, 1.0],
                [1.0, 0.0, -0.0, 0.0, -0.0, 1e-06, -1.0, 0.395255, -0.0, 1.0, 1e-06, -0.0, 0.0, 0.0, 0.0, 1.0],
                [1.0, 0.0, -0.0, 0.0, -0.0, 1e-06, -1.0, 0.420579, -0.0, 1.0, 1e-06, -0.0, 0.0, 0.0, 0.0, 1.0],
                [1.0, 0.0, -0.0, 0.0, -0.0, 1e-06, -1.0, 0.440625, -0.0, 1.0, 1e-06, 0.0, 0.0, 0.0, 0.0, 1.0],
                [1.0, 0.0, -0.0, 0.0, -0.0, 1e-06, -1.0, 0.421759, -0.0, 1.0, 1e-06, -0.0, 0.0, 0.0, 0.0, 1.0],
                [1.0, 0.0, -0.0, -0.0, -0.0, 1e-06, -1.0, 0.384029, -0.0, 1.0, 1e-06, -0.0, 0.0, 0.0, 0.0, 1.0]
            ]
        },
        {
            "name": "Thigh_L",
            "time": [0.0, 0.1167, 0.3167, 0.3833, 0.45, 0.5, 0.55, 0.5833, 0.6, 0.6167, 0.6333, 0.6667, 0.6833, 0.7, 0.75, 0.7833, 0.85, 0.9, 0.9333, 0.9833, 1.0333, 1.0667, 1.1, 1.35, 1.5167, 1.6333, 1.75, 2.1],
            "transform": [
                [0.476442, -0.488519, -0.730993, -0.125006, -0.282621, -0.872397, 0.39881, -0.002831, -0.832542, 0.016591, -0.553712, -1.2e-05, 0.0, 0.0, 0.0, 1.0],
                [0.960485, -0.21211, -0.180215, -0.125006, -0.115508, -0.892872, 0.435245, -0.002831, -0.253227, -0.397223, -0.88209, -1.2e-05, 0.0, 0.0, 0.0, 1.0],
                [0.89912, -0.273006, -0.342128, -0.125006, -0.078868, -0.869901, 0.486875, -0.002831, -0.430535, -0.410777, -0.803679, -1.2e-05, 0.0, 0.0, 0.0, 1.0],
                [0.949255, -0.234646, -0.209419, -0.125006, -0.101977, -0.859524, 0.500814, -0.002831, -0.297512, -0.454045, -0.839838, -1.2e-05, 0.0, 0.0, 0.0, 1.0],
                [0.949202, -0.244784, -0.197729, -0.125006, -0.107633, -0.843043, 0.526961, -0.002831, -0.295683, -0.478911, -0.826567, -1.2e-05, 0.0, 0.0, 0.0, 1.0],
                [0.960661, -0.233428, -0.150474, -0.125006, -0.118935, -0.835397, 0.53662, -0.002831, -0.250964, -0.497614, -0.830299, -1.2e-05, 0.0, 0.0, 0.0, 1.0],
                [0.987459, -0.145159, 0.062067, -0.125006, -0.156329, -0.844274, 0.5126, -0.002831, -0.022004, -0.515876, -0.856381, -1.2e-05, 0.0, 0.0, 0.0, 1.0],
                [0.974349, -0.211144, -0.077861, -0.125006, -0.139921, -0.839375, 0.525232, -0.002831, -0.176251, -0.500865, -0.847389, -1.2e-05, 0.0, 0.0, 0.0, 1.0],
                [0.968685, -0.228799, -0.096442, -0.125006, -0.149272, -0.847035, 0.510144, -0.002831, -0.198407, -0.479772, -0.854664, -1.2e-05, 0.0, 0.0, 0.0, 1.0],
                [0.964964, -0.242981, -0.099024, -0.125006, -0.170793, -0.868184, 0.465926, -0.002831, -0.199179, -0.432684, -0.879264, -1.2e-05, 0.0, 0.0, 0.0, 1.0],
                [0.849206, -0.364722, -0.381873, -0.125006, -0.184748, -0.882664, 0.43217, -0.002831, -0.494687, -0.296443, -0.816947, -1.2e-05, 0.0, 0.0, 0.0, 1.0],
                [0.849206, -0.364722, -0.381873, -0.125006, -0.184748, -0.882664, 0.43217, -0.002831, -0.494687, -0.296443, -0.816947, -1.2e-05, 0.0, 0.0, 0.0, 1.0],
                [0.855603, -0.365713, -0.36633, -0.125006, -0.210948, -0.892617, 0.398414, -0.002831, -0.472698, -0.263599, -0.840874, -1.2e-05, 0.0, 0.0, 0.0, 1.0],
                [0.860754, -0.366379, -0.353368, -0.125006, -0.235783, -0.902224, 0.361103, -0.002831, -0.451118, -0.227494, -0.862981, -1.2e-05, 0.0, 0.0, 0.0, 1.0],
                [0.860768, -0.488735, 0.142194, -0.125006, -0.414116, -0.510007, 0.753923, -0.002831, -0.295946, -0.707831, -0.641391, -1.2e-05, 0.0, 0.0, 0.0, 1.0],
                [0.788319, -0.504286, 0.352495, -0.125006, -0.532543, -0.272325, 0.801396, -0.002831, -0.308136, -0.819469, -0.483233, -1.2e-05, 0.0, 0.0, 0.0, 1.0],
                [0.931899, -0.344394, 0.113832, -0.125006, -0.221184, -0.290842, 0.930853, -0.002831, -0.28747, -0.892637, -0.34721, -1.2e-05, 0.0, 0.0, 0.0, 1.0],
                [0.985716, -0.167775, -0.014672, -0.125006, -0.108252, -0.697933, 0.707934, -0.002831, -0.12901, -0.696232, -0.706126, -1.2e-05, 0.0, 0.0, 0.0, 1.0],
                [0.986981, -0.154426, -0.044967, -0.125006, -0.10209, -0.81754, 0.566749, -0.002831, -0.12428, -0.554779, -0.822661, -1.2e-05, 0.0, 0.0, 0.0, 1.0],
                [0.901488, -0.32012, -0.29128, -0.125006, -0.114061, -0.82494, 0.553591, -0.002831, -0.417501, -0.465829, -0.780186, -1.2e-05, 0.0, 0.0, 0.0, 1.0],
                [0.722723, -0.453301, -0.521719, -0.125006, -0.139152, -0.834851, 0.532597, -0.002831, -0.676983, -0.312318, -0.666443, -1.2e-05, 0.0, 0.0, 0.0, 1.0],
                [0.722723, -0.453301, -0.521719, -0.125006, -0.139152, -0.834851, 0.532597, -0.002831, -0.676983, -0.312318, -0.666443, -1.2e-05, 0.0, 0.0, 0.0, 1.0],
                [0.722723, -0.453301, -0.521719, -0.125006, -0.139152, -0.834851, 0.532597, -0.002831, -0.676983, -0.312318, -0.666443, -1.2e-05, 0.0, 0.0, 0.0, 1.0],
                [0.722723, -0.453301, -0.521719, -0.125006, -0.139152, -0.834851, 0.532597, -0.002831, -0.676983, -0.312318, -0.666443, -1.2e-05, 0.0, 0.0, 0.0, 1.0],
                [0.790019, -0.409064, -0.456661, -0.125006, -0.145426, -0.848638, 0.50859, -0.002831, -0.595584, -0.335381, -0.729927, -1.2e-05, 0.0, 0.0, 0.0, 1.0],
                [0.707569, -0.424764, -0.564733, -0.125006, -0.12509, -0.861846, 0.491501, -0.002831, -0.695483, -0.277124, -0.662948, -1.2e-05, 0.0, 0.0, 0.0, 1.0],
                [0.714114, -0.410831, -0.566798, -0.125006, -0.158771, -0.883633, 0.440436, -0.002831, -0.681785, -0.224526, -0.696241, -1.2e-05, 0.0, 0.0, 0.0, 1.0],
                [0.476442, -0.488519, -0.730993, -0.125006, -0.282621, -0.872397, 0.39881, -0.002831, -0.832542, 0.01659, -0.553712, -1.2e-05, 0.0, 0.0, 0.0, 1.0]
            ]
        },
        {
            "name": "Leg_L",
            "time": [0.0, 0.1167, 0.3167, 0.3833, 0.45, 0.5, 0.55, 0.5833, 0.6, 0.6167, 0.6333, 0.6667, 0.6833, 0.7, 0.75, 0.7833, 0.85, 0.9, 0.9333, 0.9833, 1.0333, 1.0667, 1.1, 1.35, 1.5167, 1.6333, 1.75, 2.1],
            "transform": [
                [1.0, -0.0, 1e-06, 0.0, -0.0, 0.821451, 0.570276, 0.37472, -1e-06, -0.570279, 0.821454, 0.0, 0.0, 0.0, 0.0, 1.0],
                [1.0, -0.0, 1e-06, 0.0, -0.0, 0.836645, 0.547745, 0.37472, -1e-06, -0.547745, 0.836648, 0.0, 0.0, 0.0, 0.0, 1.0],
                [1.0, -0.0, 1e-06, 0.0, -0.0, 0.743223, 0.669044, 0.37472, -1e-06, -0.669043, 0.743222, -0.0, 0.0, 0.0, 0.0, 1.0],
                [1.0, -0.0, 1e-06, 0.0, -0.0, 0.716411, 0.697678, 0.37472, -1e-06, -0.697677, 0.716411, -0.0, 0.0, 0.0, 0.0, 1.0],
                [1.0, -0.0, 1e-06, 0.0, -0.0, 0.6965, 0.717557, 0.37472, -1e-06, -0.717556, 0.6965, -0.0, 0.0, 0.0, 0.0, 1.0],
                [1.0, -0.0, 1e-06, -0.0, -0.0, 0.687562, 0.726126, 0.37472, -1e-06, -0.726124, 0.687562, 0.0, 0.0, 0.0, 0.0, 1.0],
                [1.0, -0.0, 1e-06, 0.0, -0.0, 0.684674, 0.72885, 0.37472, -1e-06, -0.728848, 0.684674, -0.0, 0.0, 0.0, 0.0, 1.0],
                [1.0, -0.0, 1e-06, 0.0, -0.0, 0.681855, 0.731487, 0.37472, -1e-06, -0.731487, 0.681855, 0.0, 0.0, 0.0, 0.0, 1.0],
                [1.0, -0.0, 1e-06, 0.0, -0.0, 0.67711, 0.735882, 0.37472, -1e-06, -0.735882, 0.67711, 0.0, 0.0, 0.0, 0.0, 1.0],
                [1.0, -0.0, 1e-06, 0.0, -0.0, 0.670549, 0.741865, 0.37472, -1e-06, -0.741866, 0.670552, -0.0, 0.0, 0.0, 0.0, 1.0],
                [1.0, -0.0, 1e-06, -0.0, -0.0, 0.672369, 0.740218, 0.37472, -1e-06, -0.740216, 0.672372, -0.0, 0.0, 0.0, 0.0, 1.0],
                [1.0, -0.0, 1e-06, -0.0, -0.0, 0.672369, 0.740218, 0.37472, -1e-06, -0.740216, 0.672372, -0.0, 0.0, 0.0, 0.0, 1.0],
                [1.0, -0.0, 1e-06, 0.0, -0.0, 0.690982, 0.722874, 0.37472, -1e-06, -0.722872, 0.690985, -0.0, 0.0, 0.0, 0.0, 1.0],
                [1.0, -0.0, 1e-06, -0.0, -0.0, 0.713125, 0.701039, 0.37472, -1e-06, -0.701037, 0.713128, 0.0, 0.0, 0.0, 0.0, 1.0],
                [1.0, -1e-06, 0.0, 0.0, -0.0, -0.062968, 0.998019, 0.37472, -1e-06, -0.998013, -0.062969, 0.0, 0.0, 0.0, 0.0, 1.0],
                [1.0, -1e-06, 0.0, -0.0, -0.0, -0.253408, 0.967361, 0.37472, -1e-06, -0.967357, -0.253409, -0.0, 0.0, 0.0, 0.0, 1.0],
                [1.0, -1e-06, 0.0, -0.0, -0.0, -0.168826, 0.985647, 0.37472, -1e-06, -0.985645, -0.168826, 0.0, 0.0, 0.0, 0.0, 1.0],
                [1.0, -0.0, 1e-06, 0.0, -0.0, 0.595977, 0.803002, 0.37472, -1e-06, -0.803001, 0.595977, -0.0, 0.0, 0.0, 0.0, 1.0],
                [1.0, -0.0, 1e-06, 0.0, -0.0, 0.822993, 0.568051, 0.37472, -1e-06, -0.568051, 0.822994, -0.0, 0.0, 0.0, 0.0, 1.0],
                [1.0, -0.0, 1e-06, 0.0, -0.0, 0.78372, 0.621113, 0.37472, -1e-06, -0.621114, 0.783721, -0.0, 0.0, 0.0, 0.0, 1.0],
                [1.0, -0.0, 1e-06, -0.0, -0.0, 0.761205, 0.64851, 0.37472, -1e-06, -0.648512, 0.761206, 0.0, 0.0, 0.0, 0.0, 1.0],
                [1.0, -0.0, 1e-06, -0.0, -0.0, 0.761205, 0.64851, 0.37472, -1e-06, -0.648512, 0.761206, 0.0, 0.0, 0.0, 0.0, 1.0],
                [1.0, -0.0, 1e-06, -0.0, -0.0, 0.761205, 0.64851, 0.37472, -1e-06, -0.648512, 0.761206, 0.0, 0.0, 0.0, 0.0, 1.0],
                [1.0, -0.0, 1e-06, -0.0, -0.0, 0.761205, 0.64851, 0.37472, -1e-06, -0.648512, 0.761206, 0.0, 0.0, 0.0, 0.0, 1.0],
                [1.0, -0.0, 1e-06, 0.0, -0.0, 0.730286, 0.68314, 0.37472, -1e-06, -0.683142, 0.730288, 0.0, 0.0, 0.0, 0.0, 1.0],
                [1.0, -0.0, 1e-06, 0.0, -0.0, 0.699549, 0.714583, 0.37472, -1e-06, -0.714585, 0.69955, 0.0, 0.0, 0.0, 0.0, 1.0],
                [1.0, -0.0, 1e-06, 0.0, -0.0, 0.698731, 0.715383, 0.37472, -1e-06, -0.715385, 0.698732, 0.0, 0.0, 0.0, 0.0, 1.0],
                [1.0, -0.0, 1e-06, 0.0, -0.0, 0.821451, 0.570277, 0.37472, -1e-06, -0.570279, 0.821453, 0.0, 0.0, 0.0, 0.0, 1.0]
            ]
        },
        {
            "name": "Knee_L",
            "time": [0.0, 0.1167, 0.3167, 0.3833, 0.45, 0.5, 0.55, 0.5833, 0.6, 0.6167, 0.6333, 0.6667, 0.6833, 0.7, 0.75, 0.7833, 0.85, 0.9, 0.9333, 0.9833, 1.0333, 1.0667, 1.1, 1.35, 1.5167, 1.6333, 1.75, 2.1],
            "transform": [
                [1.0, 0.0, -0.0, 0.0, -0.0, 1e-06, -1.0, 0.383464, -0.0, 1.0, 1e-06, 0.0, 0.0, 0.0, 0.0, 1.0],
                [1.0, 0.0, -0.0, -0.0, -0.0, 1e-06, -1.0, 0.38061, -0.0, 1.0, 1e-06, -0.0, 0.0, 0.0, 0.0, 1.0],
                [1.0, 0.0, -0.0, 0.0, -0.0, 1e-06, -1.0, 0.396708, -0.0, 1.0, 1e-06, 0.0, 0.0, 0.0, 0.0, 1.0],
                [1.0, 0.0, -0.0, 0.0, -0.0, 1e-06, -1.0, 0.400829, -0.0, 1.0, 1e-06, 0.0, 0.0, 0.0, 0.0, 1.0],
                [1.0, 0.0, -0.0, 0.0, -0.0, 1e-06, -1.0, 0.403784, -0.0, 1.0, 0.0, -0.0, 0.0, 0.0, 0.0, 1.0],
                [1.0, 0.0, -0.0, 0.0, -0.0, 1e-06, -1.0, 0.405085, -0.0, 1.0, 1e-06, 0.0, 0.0, 0.0, 0.0, 1.0],
                [1.0, 0.0, -0.0, -0.0, -0.0, 1e-06, -1.0, 0.405502, -0.0, 1.0, 1e-06, 0.0, 0.0, 0.0, 0.0, 1.0],
                [1.0, 0.0, -0.0, -0.0, -0.0, 1e-06, -1.0, 0.405907, -0.0, 1.0, 1e-06, -0.0, 0.0, 0.0, 0.0, 1.0],
                [1.0, 0.0, -0.0, -0.0, -0.0, 1e-06, -1.0, 0.406587, 0.0, 1.0, 1e-06, -0.0, 0.0, 0.0, 0.0, 1.0],
                [1.0, 0.0, -0.0, 0.0, -0.0, 1e-06, -1.0, 0.407519, -0.0, 1.0, 1e-06, -0.0, 0.0, 0.0, 0.0, 1.0],
                [1.0, 0.0, -0.0, -0.0, -0.0, 1e-06, -1.0, 0.407262, -0.0, 1.0, 1e-06, -0.0, 0.0, 0.0, 0.0, 1.0],
                [1.0, 0.0, -0.0, -0.0, -0.0, 1e-06, -1.0, 0.407262, -0.0, 1.0, 1e-06, -0.0, 0.0, 0.0, 0.0, 1.0],
                [1.0, 0.0, -0.0, 0.0, -0.0, 1e-06, -1.0, 0.404589, -0.0, 1.0, 1e-06, -0.0, 0.0, 0.0, 0.0, 1.0],
                [1.0, 0.0, -0.0, -0.0, -0.0, 1e-06, -1.0, 0.401322, -0.0, 1.0, 1e-06, 0.0, 0.0, 0.0, 0.0, 1.0],
                [1.0, 0.0, -0.0, 0.0, -0.0, 1e-06, -1.0, 0.48472, -0.0, 1.0, 1e-06, -0.0, 0.0, 0.0, 0.0, 1.0],
                [1.0, 0.0, -0.0, 0.0, -0.0, 1e-06, -1.0, 0.48472, -0.0, 1.0, 1e-06, -0.0, 0.0, 0.0, 0.0, 1.0],
                [1.0, 0.0, -0.0, 0.0, -0.0, 1e-06, -1.0, 0.48472, -0.0, 1.0, 1e-06, 0.0, 0.0, 0.0, 0.0, 1.0],
                [1.0, 0.0, -0.0, -0.0, -0.0, 1e-06, -1.0, 0.417653, -0.0, 1.0, 1e-06, -0.0, 0.0, 0.0, 0.0, 1.0],
                [1.0, 0.0, -0.0, 0.0, -0.0, 1e-06, -1.0, 0.38318, -0.0, 1.0, 1e-06, -0.0, 0.0, 0.0, 0.0, 1.0],
                [1.0, 0.0, -0.0, 0.0, -0.0, 1e-06, -1.0, 0.390116, -0.0, 1.0, 1e-06, -0.0, 0.0, 0.0, 0.0, 1.0],
                [1.0, 0.0, -0.0, 0.0, -0.0, 1e-06, -1.0, 0.393841, -0.0, 1.0, 1e-06, 0.0, 0.0, 0.0, 0.0, 1.0],
                [1.0, 0.0, -0.0, 0.0, -0.0, 1e-06, -1.0, 0.393841, -0.0, 1.0, 1e-06, 0.0, 0.0, 0.0, 0.0, 1.0],
                [1.0, 0.0, -0.0, 0.0, -0.0, 1e-06, -1.0, 0.393841, -0.0, 1.0, 1e-06, 0.0, 0.0, 0.0, 0.0, 1.0],
                [1.0, 0.0, -0.0, 0.0, -0.0, 1e-06, -1.0, 0.393841, -0.0, 1.0, 1e-06, 0.0, 0.0, 0.0, 0.0, 1.0],
                [1.0, 0.0, -0.0, 0.0, -0.0, 1e-06, -1.0, 0.398718, -0.0, 1.0, 1e-06, -0.0, 0.0, 0.0, 0.0, 1.0],
                [1.0, 0.0, -0.0, 0.0, -0.0, 1e-06, -1.0, 0.403337, -0.0, 1.0, 1e-06, -0.0, 0.0, 0.0, 0.0, 1.0],
                [1.0, 0.0, -0.0, 0.0, -0.0, 1e-06, -1.0, 0.403457, -0.0, 1.0, 1e-06, -0.0, 0.0, 0.0, 0.0, 1.0],
                [1.0, 0.0, -0.0, 0.0, -0.0, 1e-06, -1.0, 0.383464, -0.0, 1.0, 1e-06, -0.0, 0.0, 0.0, 0.0, 1.0]
            ]
        },
        {
            "name": "Torso",
            "time": [0.0, 0.1167, 0.3167, 0.3833, 0.45, 0.5, 0.55, 0.5833, 0.6, 0.6167, 0.6333, 0.6667, 0.6833, 0.7, 0.75, 0.7833, 0.85, 0.9, 0.9333, 0.9833, 1.0333, 1.0667, 1.1, 1.35, 1.5167, 1.6333, 1.75, 2.1],
            "transform": [
                [0.842933, 0.015171, 0.537805, 0.0, -0.026711, 0.99955, 0.013669, 0.05, -0.537356, -0.025888, 0.842958, 0.0, 0.0, 0.0, 0.0, 1.0],
                [0.842933, 0.015171, 0.537805, -0.0, -0.026711, 0.99955, 0.013669, 0.05, -0.537356, -0.025888, 0.842958, 0.0, 0.0, 0.0, 0.0, 1.0],
                [0.804302, 0.132304, 0.579305, 0.0, -0.013993, 0.978845, -0.204126, 0.05, -0.594056, 0.156073, 0.789138, 0.0, 0.0, 0.0, 0.0, 1.0],
                [0.857983, 0.106496, 0.502517, -0.0, -0.075499, 0.993793, -0.081706, 0.05, -0.508099, 0.032163, 0.860698, 0.0, 0.0, 0.0, 0.0, 1.0],
                [0.924419, 0.159404, 0.346467, 0.0, -0.194134, 0.978635, 0.067719, 0.05, -0.32827, -0.129862, 0.935615, 0.0, 0.0, 0.0, 0.0, 1.0],
                [0.955257, 0.204582, 0.213612, 0.0, -0.215125, 0.976211, 0.027082, 0.05, -0.20299, -0.071824, 0.976543, 0.0, 0.0, 0.0, 0.0, 1.0],
                [0.947227, 0.28657, 0.14366, -0.0, -0.290884, 0.956711, 0.009525, 0.05, -0.134711, -0.050811, 0.989581, 0.0, 0.0, 0.0, 0.0, 1.0],
                [0.954329, 0.281595, 0.099807, 0.0, -0.282968, 0.959129, -0.000408, 0.05, -0.095843, -0.027853, 0.995007, -0.0, 0.0, 0.0, 0.0, 1.0],
                [0.958662, 0.273807, 0.07744, 0.0, -0.273897, 0.961711, -0.009661, 0.05, -0.077121, -0.011949, 0.99695, 0.0, 0.0, 0.0, 0.0, 1.0],
                [0.970437, 0.235928, 0.050892, 0.0, -0.233428, 0.971059, -0.05056, 0.05, -0.061347, 0.037185, 0.997424, 0.0, 0.0, 0.0, 0.0, 1.0],
                [0.993381, 0.112887, 0.021239, 0.0, -0.106082, 0.972506, -0.207315, 0.05, -0.044058, 0.20369, 0.978044, 0.0, 0.0, 0.0, 0.0, 1.0],
                [0.993381, 0.112887, 0.021239, 0.0, -0.106082, 0.972506, -0.207315, 0.05, -0.044058, 0.20369, 0.978044, 0.0, 0.0, 0.0, 0.0, 1.0],
                [0.95927, 0.099111, 0.264535, -0.0, -0.053697, 0.983334, -0.173701, 0.05, -0.277341, 0.152421, 0.948604, 0.0, 0.0, 0.0, 0.0, 1.0],
                [0.86783, 0.072968, 0.491475, -0.0, -0.010902, 0.991716, -0.127986, 0.05, -0.496742, 0.105712, 0.861436, 0.0, 0.0, 0.0, 0.0, 1.0],
                [0.968011, 0.13042, 0.21435, 0.0, -0.119866, 0.990879, -0.061577, 0.05, -0.220426, 0.033914, 0.974814, 0.0, 0.0, 0.0, 0.0, 1.0],
                [0.983773, 0.167867, 0.063335, 0.0, -0.165538, 0.985375, -0.040426, 0.05, -0.069195, 0.029286, 0.997173, 0.0, 0.0, 0.0, 0.0, 1.0],
                [0.964594, 0.168175, -0.203162, 0.0, -0.170616, 0.985322, 0.005568, 0.05, 0.201116, 0.029292, 0.979129, 0.0, 0.0, 0.0, 0.0, 1.0],
                [0.954144, 0.09959, -0.282294, 0.0, -0.098059, 0.994988, 0.019585, 0.05, 0.28283, 0.008994, 0.959128, 0.0, 0.0, 0.0, 0.0, 1.0],
                [0.909883, 0.022605, -0.414248, 0.0, -0.094723, 0.983459, -0.154389, 0.05, 0.403906, 0.179715, 0.896974, 0.0, 0.0, 0.0, 0.0, 1.0],
                [0.909883, 0.028204, -0.413905, 0.0, -0.094723, 0.985456, -0.141079, 0.05, 0.403906, 0.167572, 0.899322, -0.0, 0.0, 0.0, 0.0, 1.0],
                [0.909883, 0.033797, -0.413485, 0.0, -0.094723, 0.987274, -0.127743, 0.05, 0.403906, 0.155398, 0.901505, -0.0, 0.0, 0.0, 0.0, 1.0],
                [0.91067, 0.025983, -0.412316, 0.0, -0.080775, 0.989957, -0.116021, 0.05, 0.40516, 0.138962, 0.903623, -0.0, 0.0, 0.0, 0.0, 1.0],
                [0.911275, 0.01688, -0.411453, 0.0, -0.068056, 0.991593, -0.11005, 0.05, 0.406136, 0.128288, 0.904763, -0.0, 0.0, 0.0, 0.0, 1.0],
                [0.911275, 0.01688, -0.411453, 0.0, -0.068056, 0.991593, -0.11005, 0.05, 0.406136, 0.128288, 0.904763, -0.0, 0.0, 0.0, 0.0, 1.0],
                [0.950386, -0.020814, -0.310377, -0.0, 0.012599, 0.999516, -0.028451, 0.05, 0.310819, 0.023129, 0.950188, 0.0, 0.0, 0.0, 0.0, 1.0],
                [0.992125, -0.012533, -0.12462, 0.0, 0.012795, 0.999917, 0.001302, 0.05, 0.124593, -0.002886, 0.992204, -0.0, 0.0, 0.0, 0.0, 1.0],
                [0.995624, -0.004235, 0.093353, 0.0, 0.00326, 0.999939, 0.010594, 0.05, -0.093392, -0.010243, 0.995577, -0.0, 0.0, 0.0, 0.0, 1.0],
                [0.842933, 0.015171, 0.537805, 0.0, -0.026711, 0.99955, 0.013669, 0.05, -0.537356, -0.025888, 0.842958, 0.0, 0.0, 0.0, 0.0, 1.0]
            ]
        },
        {
            "name": "Chest",
            "time": [0.0, 0.1167, 0.3167, 0.3833, 0.45, 0.5, 0.55, 0.5833, 0.6, 0.6167, 0.6333, 0.6667, 0.6833, 0.7, 0.75, 0.7833, 0.85, 0.9, 0.9333, 0.9833, 1.0333, 1.0667, 1.1, 1.35, 1.5167, 1.6333, 1.75, 2.1],
            "transform": [
                [1.0, 0.0, -0.0, 0.0, -0.0, 0.999359, 0.035795, 0.3, 0.0, -0.035795, 0.999359, 0.0, 0.0, 0.0, 0.0, 1.0],
                [0.732799, -0.040782, 0.679222, -0.0, 0.002165, 0.998337, 0.057607, 0.3, -0.680441, -0.040744, 0.731669, 0.0, 0.0, 0.0, 0.0, 1.0],
                [0.491595, -0.040782, 0.869868, 0.0, -0.015453, 0.998337, 0.055538, 0.3, -0.870687, -0.040744, 0.490148, 0.0, 0.0, 0.0, 0.0, 1.0],
                [0.718449, -0.05358, 0.693514, 0.0, -0.023783, 0.994554, 0.101475, 0.3, -0.695174, -0.089398, 0.713261, 0.0, 0.0, 0.0, 0.0, 1.0],
                [0.971621, -0.039166, 0.233279, -0.0, -0.003929, 0.983389, 0.181467, 0.3, -0.236512, -0.177233, 0.955327, -0.0, 0.0, 0.0, 0.0, 1.0],
                [0.9936, -0.005517, -0.112816, 0.0, 0.030719, 0.974358, 0.222898, 0.3, 0.108694, -0.224937, 0.968292, -0.0, 0.0, 0.0, 0.0, 1.0],
                [0.965268, 0.013926, -0.260891, -0.0, 0.049897, 0.970371, 0.236412, 0.3, 0.256454, -0.241218, 0.935973, 0.0, 0.0, 0.0, 0.0, 1.0],
                [0.965268, 0.013926, -0.260891, -0.0, 0.049897, 0.970371, 0.236412, 0.3, 0.256454, -0.241218, 0.935973, -0.0, 0.0, 0.0, 0.0, 1.0],
                [0.965268, 0.013926, -0.260891, -0.0, 0.049897, 0.970371, 0.236412, 0.3, 0.256454, -0.241218, 0.935973, -0.0, 0.0, 0.0, 0.0, 1.0],
                [0.965268, 0.013926, -0.260891, 0.0, 0.049897, 0.970371, 0.236412, 0.3, 0.256454, -0.241218, 0.935973, 0.0, 0.0, 0.0, 0.0, 1.0],
                [0.965268, 0.013926, -0.260891, 0.0, 0.049897, 0.970371, 0.236412, 0.3, 0.256454, -0.241218, 0.935973, 0.0, 0.0, 0.0, 0.0, 1.0],
                [0.965268, 0.013926, -0.260891, 0.0, 0.049897, 0.970371, 0.236412, 0.3, 0.256454, -0.241218, 0.935973, 0.0, 0.0, 0.0, 0.0, 1.0],
                [0.991321, -0.007719, -0.131236, -0.0, 0.031621, 0.982968, 0.181037, 0.3, 0.127603, -0.183615, 0.974681, -0.0, 0.0, 0.0, 0.0, 1.0],
                [0.99977, -0.021356, 0.001808, -0.0, 0.020972, 0.992177, 0.123064, 0.3, -0.004422, -0.122998, 0.992397, -0.0, 0.0, 0.0, 0.0, 1.0],
                [0.753987, -0.105174, 0.648415, -0.0, -0.042666, 0.977174, 0.208113, 0.3, -0.655502, -0.184579, 0.732289, 0.0, 0.0, 0.0, 0.0, 1.0],
                [0.579485, -0.14855, 0.80133, 0.0, -0.082716, 0.96745, 0.239161, 0.3, -0.810774, -0.204873, 0.548336, -0.0, 0.0, 0.0, 0.0, 1.0],
                [0.809198, -0.111997, 0.576763, -0.0, -0.043512, 0.967544, 0.248928, 0.3, -0.585923, -0.226528, 0.778061, 0.0, 0.0, 0.0, 0.0, 1.0],
                [0.9105, -0.086504, 0.40436, 0.0, -0.018344, 0.968462, 0.248485, 0.3, -0.413102, -0.233663, 0.880198, 0.0, 0.0, 0.0, 0.0, 1.0],
                [0.960258, -0.086504, -0.26537, 0.0, 0.143527, 0.968462, 0.203669, 0.3, 0.239383, -0.233663, 0.942389, 0.0, 0.0, 0.0, 0.0, 1.0],
                [0.948902, -0.115826, -0.293546, -0.0, 0.153067, 0.982388, 0.107169, 0.3, 0.275963, -0.146625, 0.949919, -0.0, 0.0, 0.0, 0.0, 1.0],
                [0.947073, -0.12724, -0.294725, 0.0, 0.147679, 0.987867, 0.048065, 0.3, 0.285033, -0.089046, 0.954373, 0.0, 0.0, 0.0, 0.0, 1.0],
                [0.951653, -0.081062, -0.296285, -0.0, 0.091665, 0.995546, 0.02205, 0.3, 0.293178, -0.048143, 0.954845, -0.0, 0.0, 0.0, 0.0, 1.0],
                [0.954186, -0.029868, -0.297718, 0.0, 0.035702, 0.999262, 0.014177, 0.3, 0.297075, -0.024157, 0.954548, 0.0, 0.0, 0.0, 0.0, 1.0],
                [0.954295, -0.0195, -0.29823, 0.0, 0.023739, 0.999662, 0.010599, 0.3, 0.297923, -0.017194, 0.954435, 0.0, 0.0, 0.0, 0.0, 1.0],
                [0.963758, -0.012901, -0.266467, -0.0, 0.017325, 0.999748, 0.014259, 0.3, 0.266216, -0.018359, 0.963739, -0.0, 0.0, 0.0, 0.0, 1.0],
                [0.977718, -0.008455, -0.209753, -0.0, 0.012816, 0.999729, 0.019441, 0.3, 0.209531, -0.021696, 0.977561, -0.0, 0.0, 0.0, 0.0, 1.0],
                [0.989435, -0.004955, -0.144894, -0.0, 0.008648, 0.999653, 0.024869, 0.3, 0.144721, -0.025859, 0.989135, -0.0, 0.0, 0.0, 0.0, 1.0],
                [1.0, 0.0, -0.0, 0.0, -0.0, 0.999359, 0.035795, 0.3, 0.0, -0.035795, 0.999359, 0.0, 0.0, 0.0, 0.0, 1.0]
            ]
        },
        {
            "name": "Head",
            "time": [0.0, 0.1167, 0.3167, 0.3833, 0.45, 0.5, 0.55, 0.5833, 0.6, 0.6167, 0.6333, 0.6667, 0.6833, 0.7, 0.75, 0.7833, 0.85, 0.9, 0.9333, 0.9833, 1.0333, 1.0667, 1.1, 1.35, 1.5167, 1.6333, 1.75, 2.1],
            "transform": [
                [0.605579, -0.008554, -0.795739, -0.0, -0.044097, 0.998045, -0.044288, 0.4, 0.794562, 0.06191, 0.604018, -0.0, 0.0, 0.0, 0.0, 1.0],
                [-0.412078, -0.008554, -0.911108, 0.0, -0.059929, 0.998045, 0.017735, 0.4, 0.909176, 0.06191, -0.411785, -0.0, 0.0, 0.0, 0.0, 1.0],
                [-0.65198, 0.009331, -0.758179, -0.0, -0.117181, 0.986671, 0.112911, 0.4, 0.749127, 0.16246, -0.642196, -0.0, 0.0, 0.0, 0.0, 1.0],
                [-0.414904, 0.002466, -0.909862, 0.0, -0.150773, 0.985985, 0.071426, 0.4, 0.897287, 0.166817, -0.408717, 0.0, 0.0, 0.0, 0.0, 1.0],
                [0.089176, 0.005012, -0.996003, 0.0, -0.166897, 0.985924, -0.009981, 0.4, 0.981933, 0.16712, 0.088757, -0.0, 0.0, 0.0, 0.0, 1.0],
                [0.417109, 0.008005, -0.908821, 0.0, -0.152805, 0.986345, -0.061442, 0.4, 0.895919, 0.1645, 0.412636, -0.0, 0.0, 0.0, 0.0, 1.0],
                [0.547129, 0.009331, -0.836996, 0.0, -0.141028, 0.986671, -0.081187, 0.4, 0.825082, 0.16246, 0.541153, 0.0, 0.0, 0.0, 0.0, 1.0],
                [0.662509, 0.009581, -0.748993, 0.0, -0.127547, 0.986758, -0.100198, 0.4, 0.738115, 0.161914, 0.654958, -0.0, 0.0, 0.0, 0.0, 1.0],
                [0.739446, 0.009567, -0.673148, 0.0, -0.115946, 0.986767, -0.113341, 0.4, 0.663156, 0.161859, 0.730771, -0.0, 0.0, 0.0, 0.0, 1.0],
                [0.840041, 0.009465, -0.542441, 0.0, -0.095737, 0.986743, -0.131043, 0.4, 0.534009, 0.162013, 0.829811, 0.0, 0.0, 0.0, 0.0, 1.0],
                [0.952817, 0.009331, -0.303402, -0.0, -0.058068, 0.986671, -0.152014, 0.4, 0.29794, 0.16246, 0.940659, -0.0, 0.0, 0.0, 0.0, 1.0],
                [0.952817, 0.009331, -0.303402, -0.0, -0.058068, 0.986671, -0.152014, 0.4, 0.29794, 0.16246, 0.940659, -0.0, 0.0, 0.0, 0.0, 1.0],
                [0.770541, 0.020545, -0.63706, 0.0, -0.057727, 0.997622, -0.037649, 0.4, 0.634771, 0.065786, 0.769894, 0.0, 0.0, 0.0, 0.0, 1.0],
                [0.478078, 0.067156, -0.875746, -0.0, -0.014272, 0.997535, 0.068704, 0.4, 0.878201, -0.020348, 0.477858, -0.0, 0.0, 0.0, 0.0, 1.0],
                [0.478078, 0.067156, -0.875746, 0.0, -0.014272, 0.997535, 0.068704, 0.4, 0.878201, -0.020348, 0.477858, 0.0, 0.0, 0.0, 0.0, 1.0],
