{
    "animation": [
        {
            "name": "Root",
            "time": [0.0, 0.0333, 0.0833, 0.1333, 0.1833, 0.2333, 0.3, 0.3167, 0.3333, 0.35, 0.3667, 0.3833, 0.4, 0.4167, 0.4333, 0.45, 0.4667, 0.4833, 0.5, 0.5167, 0.6167, 0.65, 0.6667, 0.7, 0.7167, 0.7667, 0.8167, 0.8833, 0.95, 1.0167, 1.0833],
            "transform": [
                [0.985009, 0.0, 0.172505, 0.044207, 0.172505, 0.0, -0.985009, 0.0992, 0.0, 1.0, 0.0, 0.543925, 0.0, 0.0, 0.0, 1.0],
                [0.985009, 0.0, 0.172505, 0.044207, 0.172505, 0.0, -0.985009, 0.0992, 0.0, 1.0, 0.0, 0.564167, 0.0, 0.0, 0.0, 1.0],
                [0.985009, 0.0, 0.172505, 0.044207, 0.172505, 0.0, -0.985009, 0.0992, 0.0, 1.0, 0.0, 0.618875, 0.0, 0.0, 0.0, 1.0],
                [0.999188, 0.0, 0.040302, 0.044207, 0.040302, 0.0, -0.999188, 0.109667, 0.0, 1.0, 0.0, 0.608674, 0.0, 0.0, 0.0, 1.0],
                [0.974319, 0.0, -0.225174, 0.044207, -0.225174, 0.0, -0.974319, 0.182934, 0.0, 1.0, 0.0, 0.583598, 0.0, 0.0, 0.0, 1.0],
                [0.888929, 0.0, -0.458046, 0.044207, -0.458046, 0.0, -0.888929, 0.438895, 0.0, 1.0, 0.0, 0.550432, 0.0, 0.0, 0.0, 1.0],
                [0.854559, 0.0, -0.519354, 0.044207, -0.519354, 0.0, -0.854559, 0.438895, 0.0, 1.0, 0.0, 0.485902, 0.0, 0.0, 0.0, 1.0],
                [0.854559, 0.0, -0.519354, 0.044207, -0.519354, 0.0, -0.854559, 0.526766, 0.0, 1.0, 0.0, 0.393979, 0.0, 0.0, 0.0, 1.0],
                [0.854559, 0.0, -0.519354, 0.044207, -0.519354, 0.0, -0.854559, 0.602863, 0.0, 1.0, 0.0, 0.370588, 0.0, 0.0, 0.0, 1.0],
                [0.854559, 0.0, -0.519354, 0.044207, -0.519354, 0.0, -0.854559, 0.609151, 0.0, 1.0, 0.0, 0.371868, 0.0, 0.0, 0.0, 1.0],
                [0.854559, 0.0, -0.519354, 0.044207, -0.519354, 0.0, -0.854559, 0.611255, 0.0, 1.0, 0.0, 0.376116, 0.0, 0.0, 0.0, 1.0],
                [0.854559, 0.0, -0.519354, 0.044207, -0.519354, 0.0, -0.854559, 0.614637, 0.0, 1.0, 0.0, 0.382942, 0.0, 0.0, 0.0, 1.0],
                [0.854559, 0.0, -0.519354, 0.049473, -0.519354, 0.0, -0.854559, 0.625289, 0.0, 1.0, 0.0, 0.392766, 0.0, 0.0, 0.0, 1.0],
                [0.854559, 0.0, -0.519354, 0.05474, -0.519354, 0.0, -0.854559, 0.630213, 0.0, 1.0, 0.0, 0.396925, 0.0, 0.0, 0.0, 1.0],
                [0.854559, 0.0, -0.519354, 0.05474, -0.519354, 0.0, -0.854559, 0.630213, 0.0, 1.0, 0.0, 0.40462, 0.0, 0.0, 0.0, 1.0],
                [0.854559, 0.0, -0.519354, 0.05474, -0.519354, 0.0, -0.854559, 0.630213, 0.0, 1.0, 0.0, 0.40462, 0.0, 0.0, 0.0, 1.0],
                [0.854559, 0.0, -0.519354, 0.05474, -0.519354, 0.0, -0.854559, 0.630213, 0.0, 1.0, 0.0, 0.439379, 0.0, 0.0, 0.0, 1.0],
                [0.854559, 0.0, -0.519354, 0.05474, -0.519354, 0.0, -0.854559, 0.630213, 0.0, 1.0, 0.0, 0.439379, 0.0, 0.0, 0.0, 1.0],
                [0.854559, 0.0, -0.519354, 0.05474, -0.519354, 0.0, -0.854559, 0.630213, 0.0, 1.0, 0.0, 0.422539, 0.0, 0.0, 0.0, 1.0],
                [0.854559, 0.0, -0.519354, 0.05474, -0.519354, 0.0, -0.854559, 0.630213, 0.0, 1.0, 0.0, 0.422539, 0.0, 0.0, 0.0, 1.0],
                [0.854559, 0.0, -0.519354, 0.05474, -0.519354, 0.0, -0.854559, 0.630213, 0.0, 1.0, 0.0, 0.442213, 0.0, 0.0, 0.0, 1.0],
                [0.867456, 0.0, -0.497514, 0.054037, -0.497514, 0.0, -0.867456, 0.631065, 0.0, 1.0, 0.0, 0.450143, 0.0, 0.0, 0.0, 1.0],
                [0.895433, 0.0, -0.445196, 0.054368, -0.445196, 0.0, -0.895433, 0.631761, 0.0, 1.0, 0.0, 0.468488, 0.0, 0.0, 0.0, 1.0],
                [0.925771, 0.0, -0.378086, 0.054912, -0.378086, 0.0, -0.925771, 0.630992, 0.0, 1.0, 0.0, 0.490919, 0.0, 0.0, 0.0, 1.0],
                [0.97725, 0.0, -0.212092, 0.054146, -0.212092, 0.0, -0.97725, 0.631874, 0.0, 1.0, 0.0, 0.542131, 0.0, 0.0, 0.0, 1.0],
                [0.999054, 0.0, -0.043486, 0.054927, -0.043486, 0.0, -0.999054, 0.631447, 0.0, 1.0, 0.0, 0.591469, 0.0, 0.0, 0.0, 1.0],
                [0.999096, 0.0, 0.042519, 0.054421, 0.042519, 0.0, -0.999096, 0.63172, 0.0, 1.0, 0.0, 0.615512, 0.0, 0.0, 0.0, 1.0],
                [0.988945, 0.0, 0.148283, 0.054757, 0.148283, 0.0, -0.988945, 0.631511, 0.0, 1.0, 0.0, 0.64552, 0.0, 0.0, 0.0, 1.0],
                [0.971885, 0.0, 0.235455, 0.054663, 0.235455, 0.0, -0.971885, 0.631696, 0.0, 1.0, 0.0, 0.670978, 0.0, 0.0, 0.0, 1.0],
                [0.955522, 0.0, 0.294921, 0.054225, 0.294921, 0.0, -0.955522, 0.631591, 0.0, 1.0, 0.0, 0.68891, 0.0, 0.0, 0.0, 1.0],
                [0.949015, 0.0, 0.31523, 0.053164, 0.31523, 0.0, -0.949015, 0.631035, 0.0, 1.0, 0.0, 0.695179, 0.0, 0.0, 0.0, 1.0]
            ]
        },
        {
            "name": "Thigh_R",
            "time": [0.0, 0.0333, 0.0833, 0.1333, 0.1833, 0.2333, 0.3, 0.3167, 0.3333, 0.35, 0.3667, 0.3833, 0.4, 0.4167, 0.4333, 0.45, 0.4667, 0.4833, 0.5, 0.5167, 0.6167, 0.65, 0.6667, 0.7, 0.7167, 0.7667, 0.8167, 0.8833, 0.95, 1.0167, 1.0833],
            "transform": [
                [0.82421, 0.53823, 0.176016, 0.124994, 0.142668, -0.498163, 0.855265, -0.002831, 0.548018, -0.679805, -0.487381, -1.2e-05, 0.0, 0.0, 0.0, 1.0],
                [0.824126, 0.526754, 0.208185, 0.124994, 0.137115, -0.54216, 0.829011, -0.002831, 0.549558, -0.654664, -0.519037, -1.2e-05, 0.0, 0.0, 0.0, 1.0],
                [0.823822, 0.484077, 0.294927, 0.124994, 0.124048, -0.661642, 0.739486, -0.002831, 0.553107, -0.57262, -0.605127, -1.2e-05, 0.0, 0.0, 0.0, 1.0],
                [0.845137, 0.456087, 0.278788, 0.124994, 0.085705, -0.630407, 0.771518, -0.002831, 0.527633, -0.628145, -0.571872, -1.2e-05, 0.0, 0.0, 0.0, 1.0],
                [0.883207, 0.411214, 0.225487, 0.124994, 0.06764, -0.587465, 0.806416, -0.002831, 0.464079, -0.69698, -0.546671, -1.2e-05, 0.0, 0.0, 0.0, 1.0],
                [0.857446, 0.50779, 0.083264, 0.124994, 0.325481, -0.660538, 0.676572, -0.002831, 0.398558, -0.553022, -0.731654, -1.2e-05, 0.0, 0.0, 0.0, 1.0],
                [0.82463, 0.565474, 0.014813, 0.124994, 0.338915, -0.514865, 0.787432, -0.002831, 0.452902, -0.644319, -0.616224, -1.2e-05, 0.0, 0.0, 0.0, 1.0],
                [0.635845, 0.76931, -0.062117, 0.124994, 0.511672, -0.359911, 0.780163, -0.002831, 0.577832, -0.527846, -0.622485, -1.2e-05, 0.0, 0.0, 0.0, 1.0],
                [0.452763, 0.891438, -0.01847, 0.124994, 0.605521, -0.292208, 0.740241, -0.002831, 0.654483, -0.346338, -0.672088, -1.2e-05, 0.0, 0.0, 0.0, 1.0],
                [0.438595, 0.898654, -0.007223, 0.124994, 0.608727, -0.291161, 0.73802, -0.002831, 0.661124, -0.328088, -0.674739, -1.2e-05, 0.0, 0.0, 0.0, 1.0],
                [0.439115, 0.898422, 0.003451, 0.124994, 0.607102, -0.299555, 0.735997, -0.002831, 0.662271, -0.321092, -0.676976, -1.2e-05, 0.0, 0.0, 0.0, 1.0],
                [0.43985, 0.897837, 0.02044, 0.124994, 0.604528, -0.312836, 0.732582, -0.002831, 0.664135, -0.30987, -0.680371, -1.2e-05, 0.0, 0.0, 0.0, 1.0],
                [0.434264, 0.899012, 0.056471, 0.124994, 0.607088, -0.338413, 0.718969, -0.002831, 0.665475, -0.277939, -0.692743, -1.2e-05, 0.0, 0.0, 0.0, 1.0],
                [0.435593, 0.897098, 0.073963, 0.124994, 0.609809, -0.354537, 0.708826, -0.002831, 0.662111, -0.263656, -0.701495, -1.2e-05, 0.0, 0.0, 0.0, 1.0],
                [0.440983, 0.893054, 0.08936, 0.124994, 0.603013, -0.368555, 0.707488, -0.002831, 0.66476, -0.258105, -0.701053, -1.2e-05, 0.0, 0.0, 0.0, 1.0],
                [0.440983, 0.893054, 0.08936, 0.124994, 0.603013, -0.368555, 0.707488, -0.002831, 0.66476, -0.258105, -0.701053, -1.2e-05, 0.0, 0.0, 0.0, 1.0],
                [0.463812, 0.871642, 0.158479, 0.124994, 0.573683, -0.431809, 0.696007, -0.002831, 0.675103, -0.2319, -0.700327, -1.2e-05, 0.0, 0.0, 0.0, 1.0],
                [0.463812, 0.871642, 0.158479, 0.124994, 0.573683, -0.431809, 0.696007, -0.002831, 0.675103, -0.2319, -0.700327, -1.2e-05, 0.0, 0.0, 0.0, 1.0],
                [0.453094, 0.882646, 0.125052, 0.124994, 0.587629, -0.401202, 0.702657, -0.002831, 0.67037, -0.244885, -0.700453, -1.2e-05, 0.0, 0.0, 0.0, 1.0],
                [0.453094, 0.882646, 0.125052, 0.124994, 0.587629, -0.401202, 0.702657, -0.002831, 0.67037, -0.244885, -0.700453, -1.2e-05, 0.0, 0.0, 0.0, 1.0],
                [0.465554, 0.869671, 0.164097, 0.124994, 0.571382, -0.436953, 0.694687, -0.002831, 0.675854, -0.229653, -0.700343, -1.2e-05, 0.0, 0.0, 0.0, 1.0],
                [0.49506, 0.850871, 0.175874, 0.124994, 0.553875, -0.465013, 0.690638, -0.002831, 0.669429, -0.244494, -0.701489, -1.2e-05, 0.0, 0.0, 0.0, 1.0],
                [0.567975, 0.798664, 0.198838, 0.124994, 0.507105, -0.529867, 0.679766, -0.002831, 0.648265, -0.285258, -0.705961, -1.2e-05, 0.0, 0.0, 0.0, 1.0],
                [0.660776, 0.718792, 0.216123, 0.124994, 0.438656, -0.603465, 0.665888, -0.002831, 0.60906, -0.3452, -0.714061, -1.2e-05, 0.0, 0.0, 0.0, 1.0],
                [0.840371, 0.499837, 0.209604, 0.124994, 0.261562, -0.712699, 0.650878, -0.002831, 0.47472, -0.492155, -0.729674, -1.2e-05, 0.0, 0.0, 0.0, 1.0],
                [0.927446, 0.328584, 0.178533, 0.124994, 0.134973, -0.739365, 0.659635, -0.002831, 0.34875, -0.587678, -0.730074, -1.2e-05, 0.0, 0.0, 0.0, 1.0],
                [0.94729, 0.275162, 0.164088, 0.124994, 0.100635, -0.741815, 0.663008, -0.002831, 0.30416, -0.611547, -0.730408, -1.2e-05, 0.0, 0.0, 0.0, 1.0],
                [0.959917, 0.236532, 0.150358, 0.124994, 0.082959, -0.752198, 0.653693, -0.002831, 0.267721, -0.615017, -0.741672, -1.2e-05, 0.0, 0.0, 0.0, 1.0],
                [0.964259, 0.222391, 0.144022, 0.124994, 0.085732, -0.776211, 0.624615, -0.002831, 0.250703, -0.589943, -0.767537, -1.2e-05, 0.0, 0.0, 0.0, 1.0],
                [0.964903, 0.218941, 0.145001, 0.124994, 0.095461, -0.806822, 0.58303, -0.002831, 0.244642, -0.548724, -0.799407, -1.2e-05, 0.0, 0.0, 0.0, 1.0],
                [0.964728, 0.218199, 0.147263, 0.124994, 0.100133, -0.821531, 0.561301, -0.002831, 0.243459, -0.526755, -0.814405, -1.2e-05, 0.0, 0.0, 0.0, 1.0]
            ]
        },
        {
            "name": "Leg_R",
            "time": [0.0, 0.0333, 0.0833, 0.1333, 0.1833, 0.2333, 0.3, 0.3167, 0.3333, 0.35, 0.3667, 0.3833, 0.4, 0.4167, 0.4333, 0.45, 0.4667, 0.4833, 0.5, 0.5167, 0.6167, 0.65, 0.6667, 0.7, 0.7167, 0.7667, 0.8167, 0.8833, 0.95, 1.0167, 1.0833],
            "transform": [
                [1.0, -1e-06, 0.0, 0.0, -0.0, 0.184605, 0.982816, 0.37472, -1e-06, -0.982811, 0.184603, -0.0, 0.0, 0.0, 0.0, 1.0],
                [1.0, -1e-06, 0.0, 0.0, -0.0, 0.263246, 0.964731, 0.37472, -1e-06, -0.964727, 0.263244, -0.0, 0.0, 0.0, 0.0, 1.0],
                [1.0, -1e-06, 1e-06, 0.0, -0.0, 0.490555, 0.871413, 0.37472, -1e-06, -0.871409, 0.490554, -0.0, 0.0, 0.0, 0.0, 1.0],
                [1.0, -1e-06, 1e-06, -0.0, -0.0, 0.451277, 0.892387, 0.37472, -1e-06, -0.892383, 0.451275, 0.0, 0.0, 0.0, 0.0, 1.0],
                [1.0, -1e-06, 1e-06, -0.0, -0.0, 0.310672, 0.95052, 0.37472, -1e-06, -0.950516, 0.31067, 0.0, 0.0, 0.0, 0.0, 1.0],
                [1.0, -1e-06, 0.0, 0.0, -0.0, 0.185821, 0.982585, 0.37472, -1e-06, -0.982583, 0.18582, -0.0, 0.0, 0.0, 0.0, 1.0],
                [1.0, -1e-06, 0.0, 0.0, -0.0, -0.049403, 0.99878, 0.37472, -1e-06, -0.998777, -0.049405, 0.0, 0.0, 0.0, 0.0, 1.0],
                [1.0, -1e-06, 0.0, 0.0, -0.0, -0.240466, 0.970659, 0.37472, -1e-06, -0.970656, -0.240467, 0.0, 0.0, 0.0, 0.0, 1.0],
                [1.0, -1e-06, 0.0, 0.0, -0.0, -0.178955, 0.983858, 0.37472, -1e-06, -0.983857, -0.178956, -0.0, 0.0, 0.0, 0.0, 1.0],
                [1.0, -1e-06, 0.0, 0.0, -0.0, -0.163565, 0.986533, 0.37472, -1e-06, -0.986532, -0.163566, -0.0, 0.0, 0.0, 0.0, 1.0],
                [1.0, -1e-06, 0.0, 0.0, -0.0, -0.148384, 0.988931, 0.37472, -1e-06, -0.988929, -0.148385, 0.0, 0.0, 0.0, 0.0, 1.0],
                [1.0, -1e-06, 0.0, 0.0, -0.0, -0.123721, 0.992317, 0.37472, -1e-06, -0.992316, -0.123722, 0.0, 0.0, 0.0, 0.0, 1.0],
                [1.0, -1e-06, 0.0, 0.0, -0.0, -0.081834, 0.996646, 0.37472, -1e-06, -0.996645, -0.081835, 0.0, 0.0, 0.0, 0.0, 1.0],
                [1.0, -1e-06, 0.0, -0.0, -0.0, -0.066116, 0.997812, 0.37472, -1e-06, -0.997811, -0.066117, -0.0, 0.0, 0.0, 0.0, 1.0],
                [1.0, -1e-06, 0.0, -0.0, -0.0, -0.044582, 0.999007, 0.37472, -1e-06, -0.999005, -0.044583, -0.0, 0.0, 0.0, 0.0, 1.0],
                [1.0, -1e-06, 0.0, -0.0, -0.0, -0.044582, 0.999007, 0.37472, -1e-06, -0.999005, -0.044583, -0.0, 0.0, 0.0, 0.0, 1.0],
                [1.0, -1e-06, 0.0, 0.0, -0.0, 0.057952, 0.99832, 0.37472, -1e-06, -0.998319, 0.05795, 0.0, 0.0, 0.0, 0.0, 1.0],
                [1.0, -1e-06, 0.0, 0.0, -0.0, 0.057952, 0.99832, 0.37472, -1e-06, -0.998319, 0.05795, 0.0, 0.0, 0.0, 0.0, 1.0],
                [1.0, -1e-06, 0.0, -0.0, -0.0, 0.007206, 0.999975, 0.37472, -1e-06, -0.999973, 0.007205, 0.0, 0.0, 0.0, 0.0, 1.0],
                [1.0, -1e-06, 0.0, -0.0, -0.0, 0.007206, 0.999975, 0.37472, -1e-06, -0.999973, 0.007205, 0.0, 0.0, 0.0, 0.0, 1.0],
                [1.0, -1e-06, 0.0, 0.0, -0.0, 0.066692, 0.997775, 0.37472, -1e-06, -0.997773, 0.066691, 0.0, 0.0, 0.0, 0.0, 1.0],
                [1.0, -1e-06, 0.0, 0.0, -0.0, 0.054236, 0.998529, 0.37472, -1e-06, -0.998527, 0.054235, 0.0, 0.0, 0.0, 0.0, 1.0],
                [1.0, -1e-06, 0.0, -0.0, -0.0, 0.03461, 0.999402, 0.37472, -1e-06, -0.9994, 0.034608, -0.0, 0.0, 0.0, 0.0, 1.0],
                [1.0, -1e-06, 0.0, -0.0, -0.0, 0.027893, 0.999612, 0.37472, -1e-06, -0.999609, 0.027891, -0.0, 0.0, 0.0, 0.0, 1.0],
                [1.0, -1e-06, 0.0, -0.0, -0.0, 0.080961, 0.996719, 0.37472, -1e-06, -0.996716, 0.080959, -0.0, 0.0, 0.0, 0.0, 1.0],
                [1.0, -1e-06, 0.0, -0.0, -0.0, 0.223077, 0.974803, 0.37472, -1e-06, -0.974799, 0.223075, 0.0, 0.0, 0.0, 0.0, 1.0],
                [1.0, -1e-06, 1e-06, 0.0, -0.0, 0.324528, 0.945878, 0.37472, -1e-06, -0.945875, 0.324527, -0.0, 0.0, 0.0, 0.0, 1.0],
                [1.0, -1e-06, 1e-06, -0.0, -0.0, 0.482072, 0.876133, 0.37472, -1e-06, -0.876131, 0.482071, 0.0, 0.0, 0.0, 0.0, 1.0],
                [1.0, -0.0, 1e-06, 0.0, -0.0, 0.642644, 0.766167, 0.37472, -1e-06, -0.766165, 0.642643, 0.0, 0.0, 0.0, 0.0, 1.0],
                [1.0, -0.0, 1e-06, 0.0, -0.0, 0.770701, 0.637199, 0.37472, -1e-06, -0.637198, 0.7707, 0.0, 0.0, 0.0, 0.0, 1.0],
                [1.0, -0.0, 1e-06, 0.0, -0.0, 0.818374, 0.574687, 0.37472, -1e-06, -0.574686, 0.818374, 0.0, 0.0, 0.0, 0.0, 1.0]
            ]
        },
        {
            "name": "Knee_R",
            "time": [0.0, 0.0333, 0.0833, 0.1333, 0.1833, 0.2333, 0.3, 0.3167, 0.3333, 0.35, 0.3667, 0.3833, 0.4, 0.4167, 0.4333, 0.45, 0.4667, 0.4833, 0.5, 0.5167, 0.6167, 0.65, 0.6667, 0.7, 0.7167, 0.7667, 0.8167, 0.8833, 0.95, 1.0167, 1.0833],
            "transform": [
                [1.0, 0.0, -0.0, 0.0, -0.0, 1e-06, -1.0, 0.465217, -0.0, 1.0, 1e-06, -0.0, 0.0, 0.0, 0.0, 1.0],
                [1.0, 0.0, -0.0, -0.0, -0.0, 1e-06, -1.0, 0.456739, -0.0, 1.0, 1e-06, -0.0, 0.0, 0.0, 0.0, 1.0],
                [1.0, 0.0, -0.0, 0.0, -0.0, 1e-06, -1.0, 0.430862, -0.0, 1.0, 1e-06, 0.0, 0.0, 0.0, 0.0, 1.0],
                [1.0, 0.0, -0.0, 0.0, -0.0, 1e-06, -1.0, 0.43554, -0.0, 1.0, 1e-06, -0.0, 0.0, 0.0, 0.0, 1.0],
                [1.0, 0.0, -0.0, -0.0, -0.0, 1e-06, -1.0, 0.451538, 0.0, 1.0, 1e-06, 0.0, 0.0, 0.0, 0.0, 1.0],
                [1.0, 0.0, -0.0, 0.0, -0.0, 1e-06, -1.0, 0.465087, -0.0, 1.0, 1e-06, -0.0, 0.0, 0.0, 0.0, 1.0],
                [1.0, 0.0, -0.0, -0.0, -0.0, 1e-06, -1.0, 0.48472, -0.0, 1.0, 1e-06, -0.0, 0.0, 0.0, 0.0, 1.0],
                [1.0, 0.0, -0.0, 0.0, -0.0, 1e-06, -1.0, 0.48472, -0.0, 1.0, 1e-06, -0.0, 0.0, 0.0, 0.0, 1.0],
                [1.0, 0.0, -0.0, 0.0, -0.0, 1e-06, -1.0, 0.48472, -0.0, 1.0, 1e-06, -0.0, 0.0, 0.0, 0.0, 1.0],
                [1.0, 0.0, -0.0, 0.0, -0.0, 1e-06, -1.0, 0.48472, -0.0, 1.0, 1e-06, -0.0, 0.0, 0.0, 0.0, 1.0],
                [1.0, 0.0, -0.0, 0.0, -0.0, 1e-06, -1.0, 0.48472, -0.0, 1.0, 1e-06, -0.0, 0.0, 0.0, 0.0, 1.0],
                [1.0, 0.0, -0.0, 0.0, -0.0, 1e-06, -1.0, 0.48472, -0.0, 1.0, 1e-06, -0.0, 0.0, 0.0, 0.0, 1.0],
                [1.0, 0.0, -0.0, 0.0, -0.0, 1e-06, -1.0, 0.48472, -0.0, 1.0, 1e-06, -0.0, 0.0, 0.0, 0.0, 1.0],
                [1.0, 0.0, -0.0, 0.0, -0.0, 1e-06, -1.0, 0.48472, -0.0, 1.0, 1e-06, -0.0, 0.0, 0.0, 0.0, 1.0],
                [1.0, 0.0, -0.0, 0.0, -0.0, 1e-06, -1.0, 0.48472, -0.0, 1.0, 1e-06, -0.0, 0.0, 0.0, 0.0, 1.0],
                [1.0, 0.0, -0.0, 0.0, -0.0, 1e-06, -1.0, 0.48472, -0.0, 1.0, 1e-06, -0.0, 0.0, 0.0, 0.0, 1.0],
                [1.0, 0.0, -0.0, 0.0, -0.0, 1e-06, -1.0, 0.478629, -0.0, 1.0, 1e-06, 0.0, 0.0, 0.0, 0.0, 1.0],
                [1.0, 0.0, -0.0, 0.0, -0.0, 1e-06, -1.0, 0.478629, -0.0, 1.0, 1e-06, 0.0, 0.0, 0.0, 0.0, 1.0],
                [1.0, -0.0, -0.0, -0.0, -0.0, 1e-06, -1.0, 0.483963, -0.0, 1.0, 1e-06, -0.0, 0.0, 0.0, 0.0, 1.0],
                [1.0, -0.0, -0.0, -0.0, -0.0, 1e-06, -1.0, 0.483963, -0.0, 1.0, 1e-06, -0.0, 0.0, 0.0, 0.0, 1.0],
                [1.0, 0.0, -0.0, 0.0, -0.0, 1e-06, -1.0, 0.47771, -0.0, 1.0, 1e-06, -0.0, 0.0, 0.0, 0.0, 1.0],
                [1.0, 0.0, -0.0, 0.0, -0.0, 1e-06, -1.0, 0.47902, -0.0, 1.0, 1e-06, -0.0, 0.0, 0.0, 0.0, 1.0],
                [1.0, 0.0, -0.0, 0.0, -0.0, 1e-06, -1.0, 0.481084, -0.0, 1.0, 1e-06, -0.0, 0.0, 0.0, 0.0, 1.0],
                [1.0, 0.0, -0.0, 0.0, -0.0, 1e-06, -1.0, 0.48179, -0.0, 1.0, 1e-06, -0.0, 0.0, 0.0, 0.0, 1.0],
                [1.0, 0.0, -0.0, 0.0, -0.0, 1e-06, -1.0, 0.476207, -0.0, 1.0, 1e-06, -0.0, 0.0, 0.0, 0.0, 1.0],
                [1.0, 0.0, -0.0, -0.0, -0.0, 1e-06, -1.0, 0.461089, -0.0, 1.0, 1e-06, -0.0, 0.0, 0.0, 0.0, 1.0],
                [1.0, 0.0, -0.0, 0.0, -0.0, 1e-06, -1.0, 0.450003, -0.0, 1.0, 1e-06, 0.0, 0.0, 0.0, 0.0, 1.0],
                [1.0, 0.0, -0.0, -0.0, -0.0, 1e-06, -1.0, 0.431882, -0.0, 1.0, 1e-06, -0.0, 0.0, 0.0, 0.0, 1.0],
                [1.0, 0.0, -0.0, 0.0, -0.0, 1e-06, -1.0, 0.411407, -0.0, 1.0, 1e-06, -0.0, 0.0, 0.0, 0.0, 1.0],
                [1.0, 0.0, -0.0, -0.0, -0.0, 1e-06, -1.0, 0.392289, -0.0, 1.0, 1e-06, -0.0, 0.0, 0.0, 0.0, 1.0],
                [1.0, 0.0, -0.0, 0.0, -0.0, 1e-06, -1.0, 0.384029, -0.0, 1.0, 1e-06, -0.0, 0.0, 0.0, 0.0, 1.0]
            ]
        },
        {
            "name": "Thigh_L",
            "time": [0.0, 0.0333, 0.0833, 0.1333, 0.1833, 0.2333, 0.3, 0.3167, 0.3333, 0.35, 0.3667, 0.3833, 0.4, 0.4167, 0.4333, 0.45, 0.4667, 0.4833, 0.5, 0.5167, 0.6167, 0.65, 0.6667, 0.7, 0.7167, 0.7667, 0.8167, 0.8833, 0.95, 1.0167, 1.0833],
            "transform": [
                [0.765346, -0.641267, -0.054994, -0.125006, -0.600856, -0.742509, 0.296058, -0.002831, -0.230683, -0.193541, -0.953584, -1.2e-05, 0.0, 0.0, 0.0, 1.0],
                [0.771446, -0.629473, -0.092934, -0.125006, -0.587286, -0.760603, 0.276723, -0.002831, -0.244872, -0.158896, -0.956444, -1.2e-05, 0.0, 0.0, 0.0, 1.0],
                [0.785194, -0.584195, -0.205403, -0.125006, -0.552488, -0.810695, 0.193723, -0.002831, -0.279688, -0.038626, -0.959311, -1.2e-05, 0.0, 0.0, 0.0, 1.0],
                [0.885557, -0.461997, 0.048471, -0.125006, -0.409573, -0.7273, 0.550711, -0.002831, -0.219171, -0.507537, -0.833286, -1.2e-05, 0.0, 0.0, 0.0, 1.0],
                [0.942302, -0.314337, 0.115152, -0.125006, -0.301021, -0.645136, 0.702271, -0.002831, -0.146458, -0.696412, -0.702535, -1.2e-05, 0.0, 0.0, 0.0, 1.0],
                [0.876593, -0.474332, 0.081215, -0.125006, -0.332734, -0.475484, 0.814372, -0.002831, -0.347663, -0.740893, -0.574632, -1.2e-05, 0.0, 0.0, 0.0, 1.0],
                [0.882611, -0.357149, 0.305685, -0.125006, -0.427996, -0.341496, 0.836778, -0.002831, -0.19446, -0.869381, -0.454266, -1.2e-05, 0.0, 0.0, 0.0, 1.0],
                [0.836164, -0.501869, 0.221271, -0.125006, -0.24919, 0.011768, 0.968382, -0.002831, -0.488603, -0.864861, -0.115221, -1.2e-05, 0.0, 0.0, 0.0, 1.0],
                [0.803762, -0.58834, 0.08845, -0.125006, -0.03045, 0.107783, 0.993707, -0.002831, -0.594169, -0.801395, 0.068716, -1.2e-05, 0.0, 0.0, 0.0, 1.0],
                [0.801101, -0.595201, 0.063037, -0.125006, -0.000221, 0.105016, 0.99447, -0.002831, -0.598528, -0.796682, 0.083996, -1.2e-05, 0.0, 0.0, 0.0, 1.0],
                [0.800025, -0.59812, 0.047049, -0.125006, 0.011516, 0.093705, 0.995533, -0.002831, -0.599855, -0.795907, 0.081854, -1.2e-05, 0.0, 0.0, 0.0, 1.0],
                [0.799538, -0.599608, 0.034774, -0.125006, 0.0126, 0.074621, 0.997132, -0.002831, -0.600482, -0.796804, 0.067217, -1.2e-05, 0.0, 0.0, 0.0, 1.0],
                [0.800264, -0.598776, 0.032348, -0.125006, -0.006489, 0.045286, 0.998953, -0.002831, -0.599612, -0.799633, 0.032355, -1.2e-05, 0.0, 0.0, 0.0, 1.0],
                [0.801482, -0.596752, 0.038933, -0.125006, -0.02449, 0.032287, 0.999178, -0.002831, -0.597516, -0.801774, 0.011262, -1.2e-05, 0.0, 0.0, 0.0, 1.0],
                [0.801476, -0.597454, 0.026207, -0.125006, -0.023953, 0.011707, 0.999644, -0.002831, -0.597546, -0.801815, -0.004928, -1.2e-05, 0.0, 0.0, 0.0, 1.0],
                [0.801476, -0.597454, 0.026207, -0.125006, -0.023953, 0.011707, 0.999644, -0.002831, -0.597546, -0.801815, -0.004928, -1.2e-05, 0.0, 0.0, 0.0, 1.0],
                [0.801376, -0.597365, -0.03086, -0.125006, -0.021691, -0.080587, 0.996511, -0.002831, -0.597766, -0.797908, -0.077539, -1.2e-05, 0.0, 0.0, 0.0, 1.0],
                [0.801376, -0.597365, -0.03086, -0.125006, -0.021691, -0.080587, 0.996511, -0.002831, -0.597766, -0.797908, -0.077539, -1.2e-05, 0.0, 0.0, 0.0, 1.0],
                [0.801428, -0.598082, -0.003357, -0.125006, -0.02274, -0.036088, 0.999089, -0.002831, -0.597657, -0.800619, -0.042523, -1.2e-05, 0.0, 0.0, 0.0, 1.0],
                [0.801428, -0.598082, -0.003357, -0.125006, -0.02274, -0.036088, 0.999089, -0.002831, -0.597657, -0.800619, -0.042523, -1.2e-05, 0.0, 0.0, 0.0, 1.0],
                [0.801367, -0.597121, -0.03547, -0.125006, -0.021523, -0.088052, 0.995883, -0.002831, -0.597785, -0.797302, -0.083415, -1.2e-05, 0.0, 0.0, 0.0, 1.0],
                [0.807785, -0.586891, -0.055153, -0.125006, -0.017029, -0.116765, 0.993013, -0.002831, -0.589229, -0.8012, -0.104316, -1.2e-05, 0.0, 0.0, 0.0, 1.0],
                [0.820305, -0.563141, -0.099862, -0.125006, -0.009268, -0.18768, 0.982186, -0.002831, -0.57185, -0.804764, -0.159174, -1.2e-05, 0.0, 0.0, 0.0, 1.0],
                [0.830847, -0.535316, -0.152088, -0.125006, -0.005132, -0.28066, 0.959793, -0.002831, -0.556476, -0.796658, -0.235933, -1.2e-05, 0.0, 0.0, 0.0, 1.0],
                [0.830377, -0.491839, -0.261853, -0.125006, -0.022007, -0.498535, 0.86659, -0.002831, -0.556765, -0.713831, -0.424796, -1.2e-05, 0.0, 0.0, 0.0, 1.0],
                [0.780928, -0.499034, -0.375656, -0.125006, -0.080321, -0.676656, 0.731906, -0.002831, -0.619434, -0.541388, -0.568503, -1.2e-05, 0.0, 0.0, 0.0, 1.0],
                [0.729685, -0.518873, -0.445344, -0.125006, -0.125361, -0.741772, 0.658832, -0.002831, -0.672193, -0.424905, -0.606306, -1.2e-05, 0.0, 0.0, 0.0, 1.0],
                [0.641309, -0.539954, -0.545134, -0.125006, -0.188928, -0.799728, 0.569861, -0.002831, -0.743657, -0.262459, -0.614885, -1.2e-05, 0.0, 0.0, 0.0, 1.0],
                [0.555016, -0.535449, -0.636593, -0.125006, -0.240859, -0.835948, 0.49313, -0.002831, -0.796205, -0.120359, -0.592932, -1.2e-05, 0.0, 0.0, 0.0, 1.0],
                [0.495807, -0.506923, -0.705126, -0.125006, -0.272696, -0.861765, 0.427783, -0.002831, -0.824506, -0.019806, -0.565505, -1.2e-05, 0.0, 0.0, 0.0, 1.0],
                [0.476442, -0.488519, -0.730993, -0.125006, -0.282621, -0.872397, 0.39881, -0.002831, -0.832542, 0.016591, -0.553712, -1.2e-05, 0.0, 0.0, 0.0, 1.0]
            ]
        },
        {
            "name": "Leg_L",
            "time": [0.0, 0.0333, 0.0833, 0.1333, 0.1833, 0.2333, 0.3, 0.3167, 0.3333, 0.35, 0.3667, 0.3833, 0.4, 0.4167, 0.4333, 0.45, 0.4667, 0.4833, 0.5, 0.5167, 0.6167, 0.65, 0.6667, 0.7, 0.7167, 0.7667, 0.8167, 0.8833, 0.95, 1.0167, 1.0833],
            "transform": [
                [1.0, -0.0, 0.0, -0.0, -0.0, 0.466041, 0.884762, 0.37472, -1e-06, -0.884765, 0.466042, -0.0, 0.0, 0.0, 0.0, 1.0],
                [1.0, -0.0, 1e-06, 0.0, -0.0, 0.540417, 0.841396, 0.37472, -1e-06, -0.841399, 0.540418, 0.0, 0.0, 0.0, 0.0, 1.0],
                [1.0, -0.0, 1e-06, 0.0, -0.0, 0.756032, 0.654533, 0.37472, -1e-06, -0.654536, 0.756033, -0.0, 0.0, 0.0, 0.0, 1.0],
                [1.0, -1e-06, 0.0, 0.0, -0.0, -0.055915, 0.998435, 0.37472, -1e-06, -0.998437, -0.055915, 0.0, 0.0, 0.0, 0.0, 1.0],
                [1.0, -1e-06, 0.0, 0.0, -0.0, -0.174415, 0.984672, 0.37472, -1e-06, -0.984672, -0.174416, 0.0, 0.0, 0.0, 0.0, 1.0],
                [1.0, -1e-06, 0.0, 0.0, -0.0, -0.179156, 0.983821, 0.37472, -1e-06, -0.983821, -0.179157, -0.0, 0.0, 0.0, 0.0, 1.0],
                [1.0, -1e-06, 0.0, -0.0, -0.0, 0.054309, 0.998525, 0.37472, -1e-06, -0.998524, 0.054309, -0.0, 0.0, 0.0, 0.0, 1.0],
                [1.0, -1e-06, 0.0, 0.0, -0.0, -0.128284, 0.991739, 0.37472, -1e-06, -0.991736, -0.128285, -0.0, 0.0, 0.0, 0.0, 1.0],
                [1.0, -1e-06, 0.0, -0.0, -0.0, -0.196294, 0.980547, 0.37472, -1e-06, -0.980543, -0.196295, 0.0, 0.0, 0.0, 0.0, 1.0],
                [1.0, -1e-06, 0.0, 0.0, -0.0, -0.191683, 0.981458, 0.37472, -1e-06, -0.981456, -0.191684, 0.0, 0.0, 0.0, 0.0, 1.0],
                [1.0, -1e-06, 0.0, -0.0, -0.0, -0.179749, 0.983714, 0.37472, -1e-06, -0.983712, -0.17975, 0.0, 0.0, 0.0, 0.0, 1.0],
                [1.0, -1e-06, 0.0, -0.0, -0.0, -0.170322, 0.985389, 0.37472, -1e-06, -0.985388, -0.170322, 0.0, 0.0, 0.0, 0.0, 1.0],
                [1.0, -1e-06, 0.0, 0.0, -0.0, -0.169786, 0.985482, 0.37472, -1e-06, -0.98548, -0.169786, 0.0, 0.0, 0.0, 0.0, 1.0],
                [1.0, -1e-06, 0.0, 0.0, -0.0, -0.16917, 0.985588, 0.37472, -1e-06, -0.985586, -0.169171, 0.0, 0.0, 0.0, 0.0, 1.0],
                [1.0, -1e-06, 0.0, 0.0, -0.0, -0.149294, 0.988794, 0.37472, -1e-06, -0.988792, -0.149295, 0.0, 0.0, 0.0, 0.0, 1.0],
                [1.0, -1e-06, 0.0, 0.0, -0.0, -0.149294, 0.988794, 0.37472, -1e-06, -0.988792, -0.149295, 0.0, 0.0, 0.0, 0.0, 1.0],
                [1.0, -1e-06, 0.0, -0.0, -0.0, -0.054193, 0.998531, 0.37472, -1e-06, -0.99853, -0.054193, 0.0, 0.0, 0.0, 0.0, 1.0],
                [1.0, -1e-06, 0.0, -0.0, -0.0, -0.054193, 0.998531, 0.37472, -1e-06, -0.99853, -0.054193, 0.0, 0.0, 0.0, 0.0, 1.0],
                [1.0, -1e-06, 0.0, -0.0, -0.0, -0.101232, 0.994864, 0.37472, -1e-06, -0.994862, -0.101232, 0.0, 0.0, 0.0, 0.0, 1.0],
                [1.0, -1e-06, 0.0, -0.0, -0.0, -0.101232, 0.994864, 0.37472, -1e-06, -0.994862, -0.101232, 0.0, 0.0, 0.0, 0.0, 1.0],
                [1.0, -1e-06, 0.0, -0.0, -0.0, -0.046078, 0.998939, 0.37472, -1e-06, -0.998938, -0.046078, 0.0, 0.0, 0.0, 0.0, 1.0],
                [1.0, -1e-06, 0.0, -0.0, -0.0, -0.054952, 0.998489, 0.37472, -1e-06, -0.998489, -0.054953, 0.0, 0.0, 0.0, 0.0, 1.0],
                [1.0, -1e-06, 0.0, -0.0, -0.0, -0.066592, 0.997781, 0.37472, -1e-06, -0.997781, -0.066592, 0.0, 0.0, 0.0, 0.0, 1.0],
                [1.0, -1e-06, 0.0, -0.0, -0.0, -0.063884, 0.997957, 0.37472, -1e-06, -0.997957, -0.063885, 0.0, 0.0, 0.0, 0.0, 1.0],
                [1.0, -1e-06, 0.0, 0.0, -0.0, 0.009152, 0.999958, 0.37472, -1e-06, -0.999958, 0.009152, 0.0, 0.0, 0.0, 0.0, 1.0],
                [1.0, -1e-06, 0.0, -0.0, -0.0, 0.17095, 0.985279, 0.37472, -1e-06, -0.985281, 0.17095, -0.0, 0.0, 0.0, 0.0, 1.0],
                [1.0, -1e-06, 0.0, 0.0, -0.0, 0.283188, 0.959064, 0.37472, -1e-06, -0.959066, 0.283189, 0.0, 0.0, 0.0, 0.0, 1.0],
                [1.0, -1e-06, 1e-06, -0.0, -0.0, 0.455626, 0.89017, 0.37472, -1e-06, -0.890173, 0.455628, -0.0, 0.0, 0.0, 0.0, 1.0],
                [1.0, -0.0, 1e-06, 0.0, -0.0, 0.630462, 0.776218, 0.37472, -1e-06, -0.776222, 0.630465, 0.0, 0.0, 0.0, 0.0, 1.0],
                [1.0, -0.0, 1e-06, -0.0, -0.0, 0.769656, 0.638457, 0.37472, -1e-06, -0.63846, 0.769658, -0.0, 0.0, 0.0, 0.0, 1.0],
                [1.0, -0.0, 1e-06, -0.0, -0.0, 0.821451, 0.570276, 0.37472, -1e-06, -0.570279, 0.821454, 0.0, 0.0, 0.0, 0.0, 1.0]
            ]
        },
        {
            "name": "Knee_L",
            "time": [0.0, 0.0333, 0.0833, 0.1333, 0.1833, 0.2333, 0.3, 0.3167, 0.3333, 0.35, 0.3667, 0.3833, 0.4, 0.4167, 0.4333, 0.45, 0.4667, 0.4833, 0.5, 0.5167, 0.6167, 0.65, 0.6667, 0.7, 0.7167, 0.7667, 0.8167, 0.8833, 0.95, 1.0167, 1.0833],
            "transform": [
                [1.0, 0.0, -0.0, -0.0, -0.0, 1e-06, -1.0, 0.433794, -0.0, 1.0, 1e-06, -0.0, 0.0, 0.0, 0.0, 1.0],
                [1.0, 0.0, -0.0, 0.0, -0.0, 1e-06, -1.0, 0.424748, -0.0, 1.0, 1e-06, -0.0, 0.0, 0.0, 0.0, 1.0],
                [1.0, 0.0, -0.0, 0.0, -0.0, 1e-06, -1.0, 0.394675, 0.0, 1.0, 1e-06, -0.0, 0.0, 0.0, 0.0, 1.0],
                [1.0, 0.0, -0.0, -0.0, -0.0, 1e-06, -1.0, 0.48472, -0.0, 1.0, 1e-06, -0.0, 0.0, 0.0, 0.0, 1.0],
                [1.0, 0.0, -0.0, 0.0, -0.0, 1e-06, -1.0, 0.48472, 0.0, 1.0, 1e-06, 0.0, 0.0, 0.0, 0.0, 1.0],
                [1.0, 0.0, -0.0, 0.0, -0.0, 1e-06, -1.0, 0.48472, -0.0, 1.0, 1e-06, -0.0, 0.0, 0.0, 0.0, 1.0],
                [1.0, 0.0, -0.0, -0.0, -0.0, 1e-06, -1.0, 0.479013, 0.0, 1.0, 1e-06, -0.0, 0.0, 0.0, 0.0, 1.0],
                [1.0, 0.0, -0.0, 0.0, -0.0, 1e-06, -1.0, 0.48472, -0.0, 1.0, 1e-06, -0.0, 0.0, 0.0, 0.0, 1.0],
                [1.0, 0.0, -0.0, 0.0, -0.0, 1e-06, -1.0, 0.48472, -0.0, 1.0, 1e-06, 0.0, 0.0, 0.0, 0.0, 1.0],
                [1.0, 0.0, -0.0, 0.0, -0.0, 1e-06, -1.0, 0.48472, -0.0, 1.0, 1e-06, -0.0, 0.0, 0.0, 0.0, 1.0],
                [1.0, 0.0, -0.0, 0.0, -0.0, 1e-06, -1.0, 0.48472, -0.0, 1.0, 1e-06, -0.0, 0.0, 0.0, 0.0, 1.0],
                [1.0, 0.0, -0.0, 0.0, -0.0, 1e-06, -1.0, 0.48472, -0.0, 1.0, 1e-06, -0.0, 0.0, 0.0, 0.0, 1.0],
                [1.0, 0.0, -0.0, 0.0, -0.0, 1e-06, -1.0, 0.48472, -0.0, 1.0, 1e-06, -0.0, 0.0, 0.0, 0.0, 1.0],
                [1.0, 0.0, -0.0, 0.0, -0.0, 1e-06, -1.0, 0.48472, -0.0, 1.0, 1e-06, -0.0, 0.0, 0.0, 0.0, 1.0],
                [1.0, 0.0, -0.0, 0.0, -0.0, 1e-06, -1.0, 0.48472, -0.0, 1.0, 1e-06, -0.0, 0.0, 0.0, 0.0, 1.0],
                [1.0, 0.0, -0.0, 0.0, -0.0, 1e-06, -1.0, 0.48472, -0.0, 1.0, 1e-06, -0.0, 0.0, 0.0, 0.0, 1.0],
                [1.0, 0.0, -0.0, 0.0, -0.0, 1e-06, -1.0, 0.48472, -0.0, 1.0, 1e-06, -0.0, 0.0, 0.0, 0.0, 1.0],
                [1.0, 0.0, -0.0, 0.0, -0.0, 1e-06, -1.0, 0.48472, -0.0, 1.0, 1e-06, -0.0, 0.0, 0.0, 0.0, 1.0],
                [1.0, 0.0, -0.0, 0.0, -0.0, 1e-06, -1.0, 0.48472, -0.0, 1.0, 1e-06, -0.0, 0.0, 0.0, 0.0, 1.0],
                [1.0, 0.0, -0.0, 0.0, -0.0, 1e-06, -1.0, 0.48472, -0.0, 1.0, 1e-06, -0.0, 0.0, 0.0, 0.0, 1.0],
                [1.0, 0.0, -0.0, 0.0, -0.0, 1e-06, -1.0, 0.48472, -0.0, 1.0, 1e-06, -0.0, 0.0, 0.0, 0.0, 1.0],
                [1.0, 0.0, -0.0, 0.0, -0.0, 1e-06, -1.0, 0.48472, -0.0, 1.0, 1e-06, 0.0, 0.0, 0.0, 0.0, 1.0],
                [1.0, 0.0, -0.0, 0.0, -0.0, 1e-06, -1.0, 0.48472, -0.0, 1.0, 1e-06, -0.0, 0.0, 0.0, 0.0, 1.0],
                [1.0, 0.0, -0.0, 0.0, -0.0, 1e-06, -1.0, 0.48472, -0.0, 1.0, 1e-06, -0.0, 0.0, 0.0, 0.0, 1.0],
                [1.0, 0.0, -0.0, 0.0, -0.0, 1e-06, -1.0, 0.483759, -0.0, 1.0, 1e-06, -0.0, 0.0, 0.0, 0.0, 1.0],
                [1.0, -0.0, -0.0, -0.0, -0.0, 1e-06, -1.0, 0.466674, -0.0, 1.0, 1e-06, -0.0, 0.0, 0.0, 0.0, 1.0],
                [1.0, 0.0, -0.0, 0.0, -0.0, 1e-06, -1.0, 0.454561, -0.0, 1.0, 1e-06, -0.0, 0.0, 0.0, 0.0, 1.0],
                [1.0, 0.0, -0.0, -0.0, -0.0, 1e-06, -1.0, 0.435027, -0.0, 1.0, 1e-06, -0.0, 0.0, 0.0, 0.0, 1.0],
                [1.0, 0.0, -0.0, 0.0, -0.0, 1e-06, -1.0, 0.413066, -0.0, 1.0, 1e-06, -0.0, 0.0, 0.0, 0.0, 1.0],
                [1.0, 0.0, -0.0, 0.0, -0.0, 1e-06, -1.0, 0.392461, -0.0, 1.0, 1e-06, -0.0, 0.0, 0.0, 0.0, 1.0],
                [1.0, 0.0, -0.0, 0.0, -0.0, 1e-06, -1.0, 0.383464, -0.0, 1.0, 1e-06, 0.0, 0.0, 0.0, 0.0, 1.0]
            ]
        },
        {
            "name": "Torso",
            "time": [0.0, 0.0333, 0.0833, 0.1333, 0.1833, 0.2333, 0.3, 0.3167, 0.3333, 0.35, 0.3667, 0.3833, 0.4, 0.4167, 0.4333, 0.45, 0.4667, 0.4833, 0.5, 0.5167, 0.6167, 0.65, 0.6667, 0.7, 0.7167, 0.7667, 0.8167, 0.8833, 0.95, 1.0167, 1.0833],
            "transform": [
                [0.984869, 0.013226, -0.172798, 0.0, 0.01983, 0.981934, 0.188181, 0.05, 0.172165, -0.18876, 0.966814, 0.0, 0.0, 0.0, 0.0, 1.0],
                [0.980236, 0.042766, -0.193155, 0.0, -0.016289, 0.990488, 0.136635, 0.05, 0.197161, -0.130788, 0.971608, 0.0, 0.0, 0.0, 0.0, 1.0],
                [0.966349, 0.061929, -0.24967, 0.0, -0.064983, 0.997878, -0.003996, 0.05, 0.248892, 0.020086, 0.968323, 0.0, 0.0, 0.0, 0.0, 1.0],
                [0.9662, 0.043628, -0.254075, 0.0, -0.048878, 0.998701, -0.014383, 0.05, 0.253118, 0.026315, 0.967077, 0.0, 0.0, 0.0, 0.0, 1.0],
                [0.96713, 0.005122, -0.254229, 0.0, -0.010685, 0.999733, -0.020508, 0.05, 0.254056, 0.022551, 0.966926, -0.0, 0.0, 0.0, 0.0, 1.0],
                [0.968608, -0.036332, -0.245925, -0.0, 0.036943, 0.999315, -0.002128, 0.05, 0.245834, -0.007024, 0.969287, 0.0, 0.0, 0.0, 0.0, 1.0],
                [0.839279, -0.029542, -0.542898, 0.0, -0.01398, 0.99702, -0.075866, 0.05, 0.543522, 0.071262, 0.836365, -0.0, 0.0, 0.0, 0.0, 1.0],
                [0.836814, 0.076597, -0.542102, 0.0, -0.051906, 0.996804, 0.060719, 0.05, 0.545021, -0.022672, 0.838116, -0.0, 0.0, 0.0, 0.0, 1.0],
                [0.881581, 0.132049, -0.453187, 0.0, -0.085426, 0.988853, 0.121953, 0.05, 0.464239, -0.068798, 0.883034, -0.0, 0.0, 0.0, 0.0, 1.0],
                [0.904513, 0.134563, -0.40466, -0.0, -0.091455, 0.988042, 0.124131, 0.05, 0.416525, -0.07527, 0.906003, -0.0, 0.0, 0.0, 0.0, 1.0],
                [0.915226, 0.135092, -0.37962, 0.0, -0.094233, 0.987758, 0.124317, 0.05, 0.391767, -0.078005, 0.916752, -0.0, 0.0, 0.0, 0.0, 1.0],
                [0.918003, 0.136223, -0.372444, 0.0, -0.095186, 0.987386, 0.126526, 0.05, 0.384982, -0.0807, 0.919389, -0.0, 0.0, 0.0, 0.0, 1.0],
                [0.918012, 0.14001, -0.371014, 0.0, -0.095728, 0.986171, 0.135289, 0.05, 0.384825, -0.08868, 0.918719, -0.0, 0.0, 0.0, 0.0, 1.0],
                [0.918003, 0.141161, -0.370601, -0.0, -0.095186, 0.985617, 0.139638, 0.05, 0.384982, -0.092913, 0.918235, -0.0, 0.0, 0.0, 0.0, 1.0],
                [0.918825, 0.133594, -0.371366, -0.0, -0.088783, 0.986815, 0.135329, 0.05, 0.384549, -0.091372, 0.918571, -0.0, 0.0, 0.0, 0.0, 1.0],
                [0.918825, 0.133594, -0.371366, -0.0, -0.088783, 0.986815, 0.135329, 0.05, 0.384549, -0.091372, 0.918571, -0.0, 0.0, 0.0, 0.0, 1.0],
                [0.924494, 0.053659, -0.377402, -0.0, -0.021171, 0.995743, 0.089715, 0.05, 0.380609, -0.074951, 0.921694, -0.0, 0.0, 0.0, 0.0, 1.0],
                [0.924494, 0.053659, -0.377402, -0.0, -0.021171, 0.995743, 0.089715, 0.05, 0.380609, -0.074951, 0.921694, -0.0, 0.0, 0.0, 0.0, 1.0],
                [0.922169, 0.096087, -0.374662, -0.0, -0.057054, 0.991848, 0.113946, 0.05, 0.382556, -0.083701, 0.920133, -0.0, 0.0, 0.0, 0.0, 1.0],
                [0.922169, 0.096087, -0.374662, -0.0, -0.057054, 0.991848, 0.113946, 0.05, 0.382556, -0.083701, 0.920133, -0.0, 0.0, 0.0, 0.0, 1.0],
                [0.924744, 0.046182, -0.377777, -0.0, -0.014849, 0.996233, 0.08544, 0.05, 0.380299, -0.0734, 0.921946, -0.0, 0.0, 0.0, 0.0, 1.0],
                [0.935543, 0.044286, -0.350426, 0.0, -0.015944, 0.996392, 0.083356, 0.05, 0.352854, -0.072396, 0.932873, -0.0, 0.0, 0.0, 0.0, 1.0],
                [0.957532, 0.04008, -0.285526, -0.0, -0.018339, 0.996752, 0.078416, 0.05, 0.287742, -0.06985, 0.955157, 0.0, 0.0, 0.0, 0.0, 1.0],
                [0.978413, 0.035303, -0.20362, -0.0, -0.020961, 0.997172, 0.072169, 0.05, 0.205592, -0.066343, 0.976386, -0.0, 0.0, 0.0, 0.0, 1.0],
                [0.999624, 0.026218, -0.008076, -0.0, -0.025713, 0.998022, 0.057366, 0.05, 0.009564, -0.057137, 0.998321, -0.0, 0.0, 0.0, 0.0, 1.0],
                [0.983567, 0.019953, 0.179437, 0.0, -0.028049, 0.998694, 0.042697, 0.05, -0.178351, -0.047029, 0.982842, 0.0, 0.0, 0.0, 0.0, 1.0],
                [0.962539, 0.01803, 0.270544, 0.0, -0.028743, 0.99895, 0.035687, 0.05, -0.269617, -0.042126, 0.962046, 0.0, 0.0, 0.0, 0.0, 1.0],
                [0.925586, 0.016339, 0.378184, -0.0, -0.028712, 0.99922, 0.027103, 0.05, -0.377446, -0.035944, 0.925334, -0.0, 0.0, 0.0, 0.0, 1.0],
                [0.88615, 0.015497, 0.463138, -0.0, -0.027967, 0.999407, 0.020069, 0.05, -0.462553, -0.030737, 0.886059, 0.0, 0.0, 0.0, 0.0, 1.0],
                [0.85459, 0.015211, 0.519081, 0.0, -0.027082, 0.999516, 0.015296, 0.05, -0.518597, -0.02713, 0.854588, -0.0, 0.0, 0.0, 0.0, 1.0],
                [0.842933, 0.015171, 0.537805, 0.0, -0.026711, 0.99955, 0.013669, 0.05, -0.537356, -0.025888, 0.842958, 0.0, 0.0, 0.0, 0.0, 1.0]
            ]
        },
        {
            "name": "Chest",
            "time": [0.0, 0.0333, 0.0833, 0.1333, 0.1833, 0.2333, 0.3, 0.3167, 0.3333, 0.35, 0.3667, 0.3833, 0.4, 0.4167, 0.4333, 0.45, 0.4667, 0.4833, 0.5, 0.5167, 0.6167, 0.65, 0.6667, 0.7, 0.7167, 0.7667, 0.8167, 0.8833, 0.95, 1.0167, 1.0833],
            "transform": [
                [0.912611, -0.017042, -0.408474, -0.0, 0.104869, 0.97546, 0.193598, 0.3, 0.395151, -0.219516, 0.892002, 0.0, 0.0, 0.0, 0.0, 1.0],
                [0.930787, -0.064696, -0.359791, 0.0, 0.11921, 0.984131, 0.131436, 0.3, 0.345578, -0.165229, 0.923729, -0.0, 0.0, 0.0, 0.0, 1.0],
                [0.9618, -0.177387, -0.208508, -0.0, 0.174074, 0.984136, -0.034285, 0.3, 0.211282, -0.003321, 0.97742, -0.0, 0.0, 0.0, 0.0, 1.0],
                [0.926497, -0.159487, -0.340833, -0.0, 0.150817, 0.987195, -0.051971, 0.3, 0.344757, -0.003252, 0.938686, 0.0, 0.0, 0.0, 0.0, 1.0],
                [0.793363, -0.111647, -0.598423, 0.0, 0.095019, 0.9937, -0.059422, 0.3, 0.601288, -0.009719, 0.798973, 0.0, 0.0, 0.0, 0.0, 1.0],
                [0.586909, -0.040635, -0.808632, 0.0, 0.042352, 0.998913, -0.019458, 0.3, 0.808544, -0.022827, 0.587993, 0.0, 0.0, 0.0, 0.0, 1.0],
                [0.839902, 0.148264, -0.522095, 0.0, -0.049921, 0.97899, 0.197703, 0.3, 0.540438, -0.139987, 0.829657, 0.0, 0.0, 0.0, 0.0, 1.0],
                [0.985968, 0.041064, 0.161803, -0.0, -0.128159, 0.807287, 0.576075, 0.3, -0.106966, -0.588728, 0.801222, -0.0, 0.0, 0.0, 0.0, 1.0],
                [0.933846, -0.073793, 0.34998, -0.0, -0.0888, 0.900018, 0.426711, 0.3, -0.346477, -0.42956, 0.833925, -0.0, 0.0, 0.0, 0.0, 1.0],
                [0.926996, -0.089732, 0.364181, 0.0, -0.045021, 0.93732, 0.345548, 0.3, -0.372361, -0.336717, 0.864852, 0.0, 0.0, 0.0, 0.0, 1.0],
                [0.924279, -0.093201, 0.370164, 0.0, -0.024055, 0.953585, 0.300162, 0.3, -0.380958, -0.286338, 0.879137, 0.0, 0.0, 0.0, 0.0, 1.0],
                [0.923889, -0.095602, 0.370527, -0.0, -0.016373, 0.957526, 0.287882, 0.3, -0.382311, -0.272038, 0.883082, 0.0, 0.0, 0.0, 0.0, 1.0],
                [0.923791, -0.103537, 0.368634, -0.0, -0.014182, 0.952834, 0.303159, 0.3, -0.382635, -0.285283, 0.878751, -0.0, 0.0, 0.0, 0.0, 1.0],
                [0.923888, -0.107077, 0.367376, 0.0, -0.016373, 0.948111, 0.317517, 0.3, -0.382311, -0.299365, 0.874196, 0.0, 0.0, 0.0, 0.0, 1.0],
                [0.923889, -0.107077, 0.367376, 0.0, -0.016373, 0.948111, 0.317517, 0.3, -0.382312, -0.299365, 0.874196, -0.0, 0.0, 0.0, 0.0, 1.0],
                [0.923889, -0.107077, 0.367376, 0.0, -0.016373, 0.948111, 0.317517, 0.3, -0.382312, -0.299365, 0.874196, -0.0, 0.0, 0.0, 0.0, 1.0],
                [0.923889, -0.107077, 0.367376, -0.0, -0.016373, 0.948111, 0.317517, 0.3, -0.382312, -0.299365, 0.874196, 0.0, 0.0, 0.0, 0.0, 1.0],
                [0.923889, -0.107077, 0.367376, -0.0, -0.016373, 0.948111, 0.317517, 0.3, -0.382312, -0.299365, 0.874196, 0.0, 0.0, 0.0, 0.0, 1.0],
                [0.923888, -0.107077, 0.367375, 0.0, -0.016373, 0.948111, 0.317517, 0.3, -0.382311, -0.299365, 0.874196, 0.0, 0.0, 0.0, 0.0, 1.0],
                [0.923888, -0.107077, 0.367375, 0.0, -0.016373, 0.948111, 0.317517, 0.3, -0.382311, -0.299365, 0.874196, 0.0, 0.0, 0.0, 0.0, 1.0],
