{
    "animation": [
        {
            "name": "Root",
            "time": [0.0, 0.1167, 0.25, 0.3333, 0.4, 0.4333, 0.45, 0.4667, 0.4833, 0.5167, 0.5333, 0.5667, 0.6167, 0.75, 0.8167, 0.8667, 0.8833, 0.95, 1.0, 1.1167, 1.2, 1.2667, 1.4333, 1.5833, 1.6, 1.6167, 1.6333, 1.65, 1.6667, 1.6833, 1.7, 1.7333, 1.8, 2.1333, 2.3167, 2.5167],
            "transform": [
                [0.949015, 0.0, 0.31523, -0.010651, 0.31523, 0.0, -0.949015, -0.008519, 0.0, 1.0, 0.0, 0.695179, 0.0, 0.0, 0.0, 1.0],
                [0.853999, 0.0, 0.520275, 0.008436, 0.520275, 0.0, -0.853999, 0.036579, 0.0, 1.0, 0.0, 0.609099, 0.0, 0.0, 0.0, 1.0],
                [0.675276, 0.0, 0.737566, 0.0322, 0.737566, 0.0, -0.675276, 0.092724, 0.0, 1.0, 0.0, 0.501932, 0.0, 0.0, 0.0, 1.0],
                [0.675276, 0.0, 0.737566, 0.052135, 0.737566, 0.0, -0.675276, 0.207772, 0.0, 1.0, 0.0, 0.586167, 0.0, 0.0, 0.0, 1.0],
                [0.89518, 0.0, 0.445705, 0.035394, 0.445705, 0.0, -0.89518, 0.355941, 0.0, 1.0, 0.0, 0.622096, 0.0, 0.0, 0.0, 1.0],
                [0.975272, 0.0, 0.221006, 0.024574, 0.221006, 0.0, -0.975272, 0.383994, 0.0, 1.0, 0.0, 0.630196, 0.0, 0.0, 0.0, 1.0],
                [0.991326, 0.0, 0.131429, 0.020389, 0.131429, 0.0, -0.991326, 0.400422, 0.0, 1.0, 0.0, 0.631457, 0.0, 0.0, 0.0, 1.0],
                [0.995541, 0.0, 0.094325, 0.018654, 0.094325, 0.0, -0.995541, 0.442758, 0.0, 1.0, 0.0, 0.631638, 0.0, 0.0, 0.0, 1.0],
                [0.995541, 0.0, 0.094325, 0.018654, 0.094325, 0.0, -0.995541, 0.545267, 0.0, 1.0, 0.0, 0.590271, 0.0, 0.0, 0.0, 1.0],
                [0.995541, 0.0, 0.094325, 0.018654, 0.094325, 0.0, -0.995541, 0.588862, 0.0, 1.0, 0.0, 0.565984, 0.0, 0.0, 0.0, 1.0],
                [0.995541, 0.0, 0.094325, 0.018654, 0.094325, 0.0, -0.995541, 0.605219, 0.0, 1.0, 0.0, 0.555449, 0.0, 0.0, 0.0, 1.0],
                [0.998229, 0.0, -0.059484, 0.018654, -0.059484, 0.0, -0.998229, 0.662167, 0.0, 1.0, 0.0, 0.541451, 0.0, 0.0, 0.0, 1.0],
                [0.935809, 0.0, -0.352508, 0.018654, -0.352508, 0.0, -0.935809, 0.7231, 0.0, 1.0, 0.0, 0.532994, 0.0, 0.0, 0.0, 1.0],
                [0.261571, 0.0, -0.965184, 0.015605, -0.965184, 0.0, -0.261571, 0.669663, 0.0, 1.0, 0.0, 0.561065, 0.0, 0.0, 0.0, 1.0],
                [-0.104472, 0.0, -0.994528, -0.029592, -0.994528, 0.0, 0.104472, 0.624653, 0.0, 1.0, 0.0, 0.561065, 0.0, 0.0, 0.0, 1.0],
                [-0.322021, 0.0, -0.946732, -0.087422, -0.946732, 0.0, 0.322021, 0.589742, 0.0, 1.0, 0.0, 0.561065, 0.0, 0.0, 0.0, 1.0],
                [-0.372664, 0.0, -0.927967, -0.106074, -0.927967, 0.0, 0.372664, 0.58019, 0.0, 1.0, 0.0, 0.561065, 0.0, 0.0, 0.0, 1.0],
                [-0.526354, 0.0, -0.850265, -0.177315, -0.850265, 0.0, 0.526354, 0.547039, 0.0, 1.0, 0.0, 0.561065, 0.0, 0.0, 0.0, 1.0],
                [-0.570211, 0.0, -0.821498, -0.200247, -0.821498, 0.0, 0.570211, 0.536703, 0.0, 1.0, 0.0, 0.561065, 0.0, 0.0, 0.0, 1.0],
                [-0.773346, 0.0, -0.633984, -0.312482, -0.633984, 0.0, 0.773346, 0.619339, 0.0, 1.0, 0.0, 0.593203, 0.0, 0.0, 0.0, 1.0],
                [-0.74684, 0.0, -0.665004, -0.421379, -0.665004, 0.0, 0.74684, 0.688689, 0.0, 1.0, 0.0, 0.618157, 0.0, 0.0, 0.0, 1.0],
                [-0.986418, 0.0, 0.164257, -0.476972, 0.164257, 0.0, 0.986418, 1.11034, 0.0, 1.0, 0.0, 0.618157, 0.0, 0.0, 0.0, 1.0],
                [-0.079957, 0.0, 0.996798, -0.368575, 0.996798, 0.0, 0.079957, 1.393204, 0.0, 1.0, 0.0, 0.653524, 0.0, 0.0, 0.0, 1.0],
                [0.812365, 0.0, 0.583149, -0.202581, 0.583149, 0.0, -0.812365, 1.501102, 0.0, 1.0, 0.0, 0.707683, 0.0, 0.0, 0.0, 1.0],
                [0.812365, 0.0, 0.583149, -0.202581, 0.583149, 0.0, -0.812365, 1.595279, 0.0, 1.0, 0.0, 0.704345, 0.0, 0.0, 0.0, 1.0],
                [0.812365, 0.0, 0.583149, -0.202581, 0.583149, 0.0, -0.812365, 1.732978, 0.0, 1.0, 0.0, 0.680982, 0.0, 0.0, 0.0, 1.0],
                [0.812365, 0.0, 0.583149, -0.202581, 0.583149, 0.0, -0.812365, 1.925797, 0.0, 1.0, 0.0, 0.622795, 0.0, 0.0, 0.0, 1.0],
                [0.964389, 0.0, -0.264489, -0.184102, -0.264489, 0.0, -0.964389, 2.218715, 0.0, 1.0, 0.0, 0.459486, 0.0, 0.0, 0.0, 1.0],
                [0.856262, 0.0, -0.516542, -0.178217, -0.516542, 0.0, -0.856262, 2.270647, 0.0, 1.0, 0.0, 0.422786, 0.0, 0.0, 0.0, 1.0],
                [0.856262, 0.0, -0.516542, -0.178217, -0.516542, 0.0, -0.856262, 2.270647, 0.0, 1.0, 0.0, 0.422786, 0.0, 0.0, 0.0, 1.0],
                [0.856262, 0.0, -0.516542, -0.178217, -0.516542, 0.0, -0.856262, 2.270647, 0.0, 1.0, 0.0, 0.377159, 0.0, 0.0, 0.0, 1.0],
                [0.856262, 0.0, -0.516542, -0.178217, -0.516542, 0.0, -0.856262, 2.270647, 0.0, 1.0, 0.0, 0.377159, 0.0, 0.0, 0.0, 1.0],
                [0.856262, 0.0, -0.516542, -0.178217, -0.516542, 0.0, -0.856262, 2.270647, 0.0, 1.0, 0.0, 0.377159, 0.0, 0.0, 0.0, 1.0],
                [0.856262, 0.0, -0.516542, -0.178217, -0.516542, 0.0, -0.856262, 2.270647, 0.0, 1.0, 0.0, 0.377159, 0.0, 0.0, 0.0, 1.0],
                [0.989548, -0.003473, 0.144161, -0.017808, 0.144188, 0.009847, -0.989501, 2.271886, 0.002017, 0.999945, 0.010244, 0.635273, 0.0, 0.0, 0.0, 1.0],
                [0.989548, -0.003473, 0.144161, -0.017808, 0.144188, 0.009847, -0.989501, 2.271393, 0.002017, 0.999945, 0.010244, 0.658866, 0.0, 0.0, 0.0, 1.0]
            ]
        },
        {
            "name": "Thigh_R",
            "time": [0.0, 0.1167, 0.25, 0.3333, 0.4, 0.4333, 0.45, 0.4667, 0.4833, 0.5167, 0.5333, 0.5667, 0.6167, 0.75, 0.8167, 0.8667, 0.8833, 0.95, 1.0, 1.1167, 1.2, 1.2667, 1.4333, 1.5833, 1.6, 1.6167, 1.6333, 1.65, 1.6667, 1.6833, 1.7, 1.7333, 1.8, 2.1333, 2.3167, 2.5167],
            "transform": [
                [0.964728, 0.218199, 0.147263, 0.124994, 0.100134, -0.821531, 0.561301, -0.002831, 0.243459, -0.526755, -0.814405, -1.2e-05, 0.0, 0.0, 0.0, 1.0],
                [0.954051, 0.28633, 0.088307, 0.124994, 0.137085, -0.679146, 0.721088, -0.002831, 0.266445, -0.675847, -0.687193, -1.2e-05, 0.0, 0.0, 0.0, 1.0],
                [0.92554, 0.359363, 0.119286, 0.124994, 0.132794, -0.603085, 0.786546, -0.002831, 0.354598, -0.712138, -0.605902, -1.2e-05, 0.0, 0.0, 0.0, 1.0],
                [0.945278, 0.172279, 0.277069, 0.124994, -0.01058, -0.832581, 0.553801, -0.002831, 0.326094, -0.526425, -0.785199, -1.2e-05, 0.0, 0.0, 0.0, 1.0],
                [0.971982, 0.030426, 0.233075, 0.124994, -0.040916, -0.954541, 0.295252, -0.002831, 0.231467, -0.296515, -0.926553, -1.2e-05, 0.0, 0.0, 0.0, 1.0],
                [0.995718, 0.013525, 0.09144, 0.124994, -0.01241, -0.960706, 0.277284, -0.002831, 0.0916, -0.27723, -0.956427, -1.2e-05, 0.0, 0.0, 0.0, 1.0],
                [0.998232, 0.021915, 0.055226, 0.124994, 0.006624, -0.964723, 0.263179, -0.002831, 0.059048, -0.262347, -0.963164, -1.2e-05, 0.0, 0.0, 0.0, 1.0],
                [0.993271, 0.054052, 0.102421, 0.124994, 0.034817, -0.982849, 0.181088, -0.002831, 0.110455, -0.176303, -0.978119, -1.2e-05, 0.0, 0.0, 0.0, 1.0],
                [0.947074, 0.138926, 0.289393, 0.124994, 0.139095, -0.990073, 0.0201, -0.002831, 0.289315, 0.021216, -0.956999, -1.2e-05, 0.0, 0.0, 0.0, 1.0],
                [0.905279, 0.181893, 0.383903, 0.124994, 0.213004, -0.976241, -0.039733, -0.002831, 0.367557, 0.117741, -0.922518, -1.2e-05, 0.0, 0.0, 0.0, 1.0],
                [0.88413, 0.199644, 0.422437, 0.124994, 0.246616, -0.967314, -0.058991, -0.002831, 0.396855, 0.156335, -0.90447, -1.2e-05, 0.0, 0.0, 0.0, 1.0],
                [0.775148, 0.338843, 0.533224, 0.124994, 0.425898, -0.903656, -0.044887, -0.002831, 0.466642, 0.261892, -0.844781, -1.2e-05, 0.0, 0.0, 0.0, 1.0],
                [0.507776, 0.585809, 0.631652, 0.124994, 0.628542, -0.753348, 0.193398, -0.002831, 0.589148, 0.298819, -0.750739, -1.2e-05, 0.0, 0.0, 0.0, 1.0],
                [0.659882, 0.72476, 0.198179, 0.124994, 0.358786, -0.535685, 0.764404, -0.002831, 0.660173, -0.433311, -0.613525, -1.2e-05, 0.0, 0.0, 0.0, 1.0],
                [0.88292, 0.465895, -0.058229, 0.124994, 0.330474, -0.528551, 0.781934, -0.002831, 0.333524, -0.709627, -0.620636, -1.2e-05, 0.0, 0.0, 0.0, 1.0],
                [0.929492, 0.333684, -0.157152, 0.124994, 0.321907, -0.525907, 0.787272, -0.002831, 0.180055, -0.78235, -0.596244, -1.2e-05, 0.0, 0.0, 0.0, 1.0],
                [0.933917, 0.314083, -0.170729, 0.124994, 0.320714, -0.52514, 0.788271, -0.002831, 0.157928, -0.790932, -0.59117, -1.2e-05, 0.0, 0.0, 0.0, 1.0],
                [0.936933, 0.296159, -0.185588, 0.124994, 0.321227, -0.520441, 0.791173, -0.002831, 0.137727, -0.80089, -0.582754, -1.2e-05, 0.0, 0.0, 0.0, 1.0],
                [0.935912, 0.29931, -0.185689, 0.124994, 0.322799, -0.51787, 0.792219, -0.002831, 0.14096, -0.801385, -0.581299, -1.2e-05, 0.0, 0.0, 0.0, 1.0],
                [0.954973, 0.284938, 0.082672, 0.124994, 0.113582, -0.608526, 0.785362, -0.002831, 0.27409, -0.740608, -0.613491, -1.2e-05, 0.0, 0.0, 0.0, 1.0],
                [0.709019, 0.572475, 0.411774, 0.124994, -0.071698, -0.522373, 0.849697, -0.002831, 0.701534, -0.631975, -0.32933, -1.2e-05, 0.0, 0.0, 0.0, 1.0],
                [0.623412, 0.375081, 0.686051, 0.124994, 0.123341, -0.913612, 0.387426, -0.002831, 0.772103, -0.156904, -0.615821, -1.2e-05, 0.0, 0.0, 0.0, 1.0],
                [0.786089, 0.328002, 0.523903, 0.124994, 0.052151, -0.879755, 0.472557, -0.002831, 0.615908, -0.344145, -0.708674, -1.2e-05, 0.0, 0.0, 0.0, 1.0],
                [0.970659, 0.17533, 0.164553, 0.124994, 0.106451, -0.926951, 0.359764, -0.002831, 0.21561, -0.331685, -0.918419, -1.2e-05, 0.0, 0.0, 0.0, 1.0],
                [0.946393, 0.140934, 0.290647, 0.124994, 0.067115, -0.96595, 0.249871, -0.002831, 0.315966, -0.216964, -0.923628, -1.2e-05, 0.0, 0.0, 0.0, 1.0],
                [0.915014, 0.053913, 0.3998, 0.124994, 0.038297, -0.998161, 0.046968, -0.002831, 0.401599, -0.027663, -0.915397, -1.2e-05, 0.0, 0.0, 0.0, 1.0],
                [0.901683, -0.155615, 0.403422, 0.124994, -0.001402, -0.934045, -0.357152, -0.002831, 0.432394, 0.321473, -0.84243, -1.2e-05, 0.0, 0.0, 0.0, 1.0],
                [0.852113, 0.332811, 0.403898, 0.124994, 0.509048, -0.706295, -0.49195, -0.002831, 0.121542, 0.624806, -0.771263, -1.2e-05, 0.0, 0.0, 0.0, 1.0],
                [0.339264, 0.636426, 0.692716, 0.124994, 0.829968, -0.549131, 0.098029, -0.002831, 0.442777, 0.541678, -0.714517, -1.2e-05, 0.0, 0.0, 0.0, 1.0],
                [0.339264, 0.636426, 0.692716, 0.124994, 0.829968, -0.549131, 0.098029, -0.002831, 0.442777, 0.541678, -0.714517, -1.2e-05, 0.0, 0.0, 0.0, 1.0],
                [0.249636, 0.737876, 0.627068, 0.124994, 0.857682, -0.469096, 0.21055, -0.002831, 0.449512, 0.485267, -0.74997, -1.2e-05, 0.0, 0.0, 0.0, 1.0],
                [0.249636, 0.737876, 0.627068, 0.124994, 0.857682, -0.469096, 0.21055, -0.002831, 0.449512, 0.485267, -0.74997, -1.2e-05, 0.0, 0.0, 0.0, 1.0],
                [0.249636, 0.737876, 0.627068, 0.124994, 0.857682, -0.469096, 0.21055, -0.002831, 0.449512, 0.485267, -0.74997, -1.2e-05, 0.0, 0.0, 0.0, 1.0],
                [0.249636, 0.737876, 0.627068, 0.124994, 0.857682, -0.469096, 0.21055, -0.002831, 0.449512, 0.485267, -0.74997, -1.2e-05, 0.0, 0.0, 0.0, 1.0],
                [0.594775, 0.279411, 0.753769, 0.124994, 0.29175, -0.948746, 0.121487, -0.002831, 0.749081, 0.147658, -0.645812, -1.2e-05, 0.0, 0.0, 0.0, 1.0],
                [0.878955, 0.288451, 0.379777, 0.124994, -0.001957, -0.794149, 0.60772, -0.002831, 0.4769, -0.534899, -0.697457, -1.2e-05, 0.0, 0.0, 0.0, 1.0]
            ]
        },
        {
            "name": "Leg_R",
            "time": [0.0, 0.1167, 0.25, 0.3333, 0.4, 0.4333, 0.45, 0.4667, 0.4833, 0.5167, 0.5333, 0.5667, 0.6167, 0.75, 0.8167, 0.8667, 0.8833, 0.95, 1.0, 1.1167, 1.2, 1.2667, 1.4333, 1.5833, 1.6, 1.6167, 1.6333, 1.65, 1.6667, 1.6833, 1.7, 1.7333, 1.8, 2.1333, 2.3167, 2.5167],
            "transform": [
                [1.0, -0.0, 1e-06, 0.0, -0.0, 0.818375, 0.574686, 0.37472, -1e-06, -0.574686, 0.818374, -0.0, 0.0, 0.0, 0.0, 1.0],
                [1.0, -1e-06, 0.0, -0.0, -0.0, 0.336671, 0.941625, 0.37472, -1e-06, -0.941621, 0.33667, 0.0, 0.0, 0.0, 0.0, 1.0],
                [1.0, -1e-06, 0.0, 0.0, -0.0, -0.135058, 0.990839, 0.37472, -1e-06, -0.990836, -0.13506, -0.0, 0.0, 0.0, 0.0, 1.0],
                [1.0, -1e-06, 0.0, -0.0, -0.0, 0.178061, 0.984021, 0.37472, -1e-06, -0.984019, 0.178059, -0.0, 0.0, 0.0, 0.0, 1.0],
                [1.0, -1e-06, 1e-06, 0.0, -0.0, 0.417851, 0.908516, 0.37472, -1e-06, -0.908516, 0.41785, 0.0, 0.0, 0.0, 0.0, 1.0],
                [1.0, -1e-06, 1e-06, 0.0, -0.0, 0.453161, 0.89143, 0.37472, -1e-06, -0.891429, 0.45316, 0.0, 0.0, 0.0, 0.0, 1.0],
                [1.0, -1e-06, 1e-06, 0.0, -0.0, 0.465353, 0.885125, 0.37472, -1e-06, -0.885126, 0.465352, -0.0, 0.0, 0.0, 0.0, 1.0],
                [1.0, -0.0, 1e-06, 0.0, -0.0, 0.518268, 0.855219, 0.37472, -1e-06, -0.855219, 0.518267, -0.0, 0.0, 0.0, 0.0, 1.0],
                [1.0, -0.0, 1e-06, -0.0, -0.0, 0.53503, 0.844834, 0.37472, -1e-06, -0.844833, 0.535029, 0.0, 0.0, 0.0, 0.0, 1.0],
                [1.0, -0.0, 1e-06, -0.0, -0.0, 0.541998, 0.840381, 0.37472, -1e-06, -0.84038, 0.541996, 0.0, 0.0, 0.0, 0.0, 1.0],
                [1.0, -0.0, 1e-06, 0.0, -0.0, 0.543868, 0.839172, 0.37472, -1e-06, -0.839171, 0.543867, 0.0, 0.0, 0.0, 0.0, 1.0],
                [1.0, -0.0, 1e-06, -0.0, -0.0, 0.59636, 0.802717, 0.37472, -1e-06, -0.802719, 0.596358, 0.0, 0.0, 0.0, 0.0, 1.0],
                [1.0, -0.0, 1e-06, -0.0, -0.0, 0.639639, 0.768675, 0.37472, -1e-06, -0.768678, 0.639639, -0.0, 0.0, 0.0, 0.0, 1.0],
                [1.0, -1e-06, 0.0, 0.0, -0.0, 0.444757, 0.895654, 0.37472, -1e-06, -0.895651, 0.444755, 0.0, 0.0, 0.0, 0.0, 1.0],
                [1.0, -1e-06, 1e-06, -0.0, -0.0, 0.377564, 0.925986, 0.37472, -1e-06, -0.925982, 0.377562, 0.0, 0.0, 0.0, 0.0, 1.0],
                [1.0, -1e-06, 0.0, 0.0, -0.0, 0.333815, 0.94264, 0.37472, -1e-06, -0.942638, 0.333813, -0.0, 0.0, 0.0, 0.0, 1.0],
                [1.0, -1e-06, 0.0, 0.0, -0.0, 0.322967, 0.946413, 0.37472, -1e-06, -0.946409, 0.322965, -0.0, 0.0, 0.0, 0.0, 1.0],
                [1.000001, -1e-06, 0.0, -0.0, -0.0, 0.295077, 0.955476, 0.37472, -1e-06, -0.955472, 0.295075, -0.0, 0.0, 0.0, 0.0, 1.0],
                [1.0, -1e-06, 0.0, 0.0, -0.0, 0.290857, 0.956769, 0.37472, -1e-06, -0.956766, 0.290855, 0.0, 0.0, 0.0, 0.0, 1.0],
                [1.0, -1e-06, 1e-06, -0.0, -0.0, 0.406906, 0.913472, 0.37472, -1e-06, -0.913469, 0.406905, -0.0, 0.0, 0.0, 0.0, 1.0],
                [1.0, -1e-06, 0.0, 0.0, -0.0, 0.144686, 0.98948, 0.37472, -1e-06, -0.989476, 0.144684, 0.0, 0.0, 0.0, 0.0, 1.0],
                [1.0, -1e-06, 1e-06, -0.0, -0.0, 0.417792, 0.908547, 0.37472, -1e-06, -0.908543, 0.417793, -0.0, 0.0, 0.0, 0.0, 1.0],
                [1.0, -1e-06, 1e-06, 0.0, -0.0, 0.49712, 0.867687, 0.37472, -1e-06, -0.867682, 0.49712, 0.0, 0.0, 0.0, 0.0, 1.0],
                [1.0, -0.0, 1e-06, 0.0, -0.0, 0.729882, 0.683575, 0.37472, -1e-06, -0.683574, 0.729884, -0.0, 0.0, 0.0, 0.0, 1.0],
                [1.0, -0.0, 1e-06, 0.0, -0.0, 0.728145, 0.685425, 0.37472, -1e-06, -0.685425, 0.728146, -0.0, 0.0, 0.0, 0.0, 1.0],
                [1.0, -0.0, 1e-06, -0.0, -0.0, 0.750466, 0.660909, 0.37472, -1e-06, -0.660911, 0.750467, 0.0, 0.0, 0.0, 0.0, 1.0],
                [1.0, -0.0, 1e-06, -0.0, -0.0, 0.902427, 0.430841, 0.37472, -1e-06, -0.430844, 0.902427, -0.0, 0.0, 0.0, 0.0, 1.0],
                [1.0, -0.0, 1e-06, 0.0, -0.0, 0.932589, 0.360939, 0.37472, -1e-06, -0.360941, 0.93259, 0.0, 0.0, 0.0, 0.0, 1.0],
                [1.0, -0.0, 1e-06, 0.0, -0.0, 0.909845, 0.414949, 0.37472, -1e-06, -0.414951, 0.909845, 0.0, 0.0, 0.0, 0.0, 1.0],
                [1.0, -0.0, 1e-06, 0.0, -0.0, 0.909845, 0.414949, 0.37472, -1e-06, -0.414951, 0.909845, 0.0, 0.0, 0.0, 0.0, 1.0],
                [1.0, -0.0, 1e-06, -0.0, -0.0, 0.784652, 0.619938, 0.37472, -1e-06, -0.619938, 0.784653, -0.0, 0.0, 0.0, 0.0, 1.0],
                [1.0, -0.0, 1e-06, -0.0, -0.0, 0.784652, 0.619938, 0.37472, -1e-06, -0.619938, 0.784653, -0.0, 0.0, 0.0, 0.0, 1.0],
                [1.0, -0.0, 1e-06, -0.0, -0.0, 0.784652, 0.619938, 0.37472, -1e-06, -0.619938, 0.784653, -0.0, 0.0, 0.0, 0.0, 1.0],
                [1.0, -0.0, 1e-06, -0.0, -0.0, 0.784652, 0.619938, 0.37472, -1e-06, -0.619938, 0.784653, -0.0, 0.0, 0.0, 0.0, 1.0],
                [1.0, -0.0, 1e-06, -0.0, -0.0, 0.719235, 0.69477, 0.37472, -1e-06, -0.694768, 0.719238, -0.0, 0.0, 0.0, 0.0, 1.0],
                [1.0, -0.0, 1e-06, -0.0, -0.0, 0.738413, 0.674351, 0.37472, -1e-06, -0.67435, 0.738413, 0.0, 0.0, 0.0, 0.0, 1.0]
            ]
        },
        {
            "name": "Knee_R",
            "time": [0.0, 0.1167, 0.25, 0.3333, 0.4, 0.4333, 0.45, 0.4667, 0.4833, 0.5167, 0.5333, 0.5667, 0.6167, 0.75, 0.8167, 0.8667, 0.8833, 0.95, 1.0, 1.1167, 1.2, 1.2667, 1.4333, 1.5833, 1.6, 1.6167, 1.6333, 1.65, 1.6667, 1.6833, 1.7, 1.7333, 1.8, 2.1333, 2.3167, 2.5167],
            "transform": [
                [1.0, 0.0, -0.0, 0.0, -0.0, 1e-06, -1.0, 0.384029, -0.0, 1.0, 1e-06, -0.0, 0.0, 0.0, 0.0, 1.0],
                [1.0, 0.0, -0.0, 0.0, -0.0, 1e-06, -1.0, 0.448651, 0.0, 1.0, 0.0, -0.0, 0.0, 0.0, 0.0, 1.0],
                [1.0, 0.0, -0.0, 0.0, -0.0, 1e-06, -1.0, 0.48472, -0.0, 1.0, 1e-06, -0.0, 0.0, 0.0, 0.0, 1.0],
                [1.0, 0.0, -0.0, 0.0, -0.0, 1e-06, -1.0, 0.465916, -0.0, 1.0, 1e-06, -0.0, 0.0, 0.0, 0.0, 1.0],
                [1.0, 0.0, -0.0, 0.0, -0.0, 1e-06, -1.0, 0.439439, -0.0, 1.0, 1e-06, -0.0, 0.0, 0.0, 0.0, 1.0],
                [1.0, 0.0, -0.0, 0.0, -0.0, 1e-06, -1.0, 0.435318, -0.0, 1.0, 1e-06, 0.0, 0.0, 0.0, 0.0, 1.0],
                [1.0, 0.0, -0.0, 0.0, -0.0, 1e-06, -1.0, 0.433876, -0.0, 1.0, 1e-06, 0.0, 0.0, 0.0, 0.0, 1.0],
                [1.0, 0.0, -0.0, -0.0, -0.0, 1e-06, -1.0, 0.427491, -0.0, 1.0, 1e-06, 0.0, 0.0, 0.0, 0.0, 1.0],
                [1.0, 0.0, -0.0, 0.0, -0.0, 1e-06, -1.0, 0.425419, -0.0, 1.0, 1e-06, -0.0, 0.0, 0.0, 0.0, 1.0],
                [1.0, 0.0, -0.0, -0.0, -0.0, 1e-06, -1.0, 0.424551, 0.0, 1.0, 1e-06, -0.0, 0.0, 0.0, 0.0, 1.0],
                [1.0, 0.0, -0.0, 0.0, -0.0, 1e-06, -1.0, 0.424317, -0.0, 1.0, 1e-06, -0.0, 0.0, 0.0, 0.0, 1.0],
                [1.0, -0.0, -0.0, -0.0, -0.0, 1e-06, -1.0, 0.417603, -0.0, 1.0, 1e-06, -0.0, 0.0, 0.0, 0.0, 1.0],
                [1.0, 0.0, -0.0, 0.0, -0.0, 1e-06, -1.0, 0.411818, -0.0, 1.0, 1e-06, -0.0, 0.0, 0.0, 0.0, 1.0],
                [1.0, -0.0, -0.0, 0.0, -0.0, 1e-06, -1.0, 0.436306, -0.0, 1.0, 1e-06, -0.0, 0.0, 0.0, 0.0, 1.0],
                [1.0, 0.0, -0.0, 0.0, -0.0, 1e-06, -1.0, 0.444052, -0.0, 1.0, 1e-06, -0.0, 0.0, 0.0, 0.0, 1.0],
                [1.0, 0.0, -0.0, 0.0, -0.0, 1e-06, -1.0, 0.448969, -0.0, 1.0, 1e-06, -0.0, 0.0, 0.0, 0.0, 1.0],
                [1.0, 0.0, -0.0, 0.0, -0.0, 1e-06, -1.0, 0.450176, -0.0, 1.0, 1e-06, -0.0, 0.0, 0.0, 0.0, 1.0],
                [1.0, 0.0, -0.0, 0.0, -0.0, 1e-06, -1.0, 0.453256, -0.0, 1.0, 1e-06, -0.0, 0.0, 0.0, 0.0, 1.0],
                [1.0, 0.0, -0.0, -0.0, -0.0, 1e-06, -1.0, 0.45372, -0.0, 1.0, 1e-06, -0.0, 0.0, 0.0, 0.0, 1.0],
                [1.0, 0.0, -0.0, 0.0, -0.0, 1e-06, -1.0, 0.440701, -0.0, 1.0, 1e-06, -0.0, 0.0, 0.0, 0.0, 1.0],
                [1.0, 0.0, -0.0, -0.0, -0.0, 1e-06, -1.0, 0.469469, -0.0, 1.0, 1e-06, -0.0, 0.0, 0.0, 0.0, 1.0],
                [1.0, 0.0, -0.0, -0.0, -0.0, 1e-06, -1.0, 0.439446, -0.0, 1.0, 1e-06, 0.0, 0.0, 0.0, 0.0, 1.0],
                [1.0, 0.0, -0.0, 0.0, -0.0, 1e-06, -1.0, 0.430069, 0.0, 1.0, 1e-06, 0.0, 0.0, 0.0, 0.0, 1.0],
                [1.0, -0.0, -0.0, -0.0, -0.0, 1e-06, -1.0, 0.39878, -0.0, 1.0, 1e-06, 0.0, 0.0, 0.0, 0.0, 1.0],
                [1.0, 0.0, -0.0, -0.0, -0.0, 1e-06, -1.0, 0.399047, -0.0, 1.0, 1e-06, 0.0, 0.0, 0.0, 0.0, 1.0],
                [1.0, 0.0, -0.0, -0.0, -0.0, 1e-06, -1.0, 0.395564, -0.0, 1.0, 1e-06, 0.0, 0.0, 0.0, 0.0, 1.0],
                [1.0, 0.0, -0.0, -0.0, -0.0, 1e-06, -1.0, 0.37472, -0.0, 1.0, 1e-06, 0.0, 0.0, 0.0, 0.0, 1.0],
                [1.0, 0.0, -0.0, -0.0, -0.0, 1e-06, -1.0, 0.37472, -0.0, 1.0, 1e-06, 0.0, 0.0, 0.0, 0.0, 1.0],
                [1.0, 0.0, -0.0, -0.0, -0.0, 1e-06, -1.0, 0.37472, -0.0, 1.0, 1e-06, 0.0, 0.0, 0.0, 0.0, 1.0],
                [1.0, 0.0, -0.0, -0.0, -0.0, 1e-06, -1.0, 0.37472, -0.0, 1.0, 1e-06, 0.0, 0.0, 0.0, 0.0, 1.0],
                [1.0, 0.0, -0.0, -0.0, -0.0, 1e-06, -1.0, 0.389958, -0.0, 1.0, 1e-06, -0.0, 0.0, 0.0, 0.0, 1.0],
                [1.0, 0.0, -0.0, -0.0, -0.0, 1e-06, -1.0, 0.389958, -0.0, 1.0, 1e-06, -0.0, 0.0, 0.0, 0.0, 1.0],
                [1.0, 0.0, -0.0, -0.0, -0.0, 1e-06, -1.0, 0.389958, -0.0, 1.0, 1e-06, -0.0, 0.0, 0.0, 0.0, 1.0],
                [1.0, 0.0, -0.0, -0.0, -0.0, 1e-06, -1.0, 0.389958, -0.0, 1.0, 1e-06, -0.0, 0.0, 0.0, 0.0, 1.0],
                [1.0, 0.0, -0.0, -0.0, -0.0, 1e-06, -1.0, 0.400403, -0.0, 1.0, 1e-06, -0.0, 0.0, 0.0, 0.0, 1.0],
                [1.0, 0.0, -0.0, -0.0, -0.0, 1e-06, -1.0, 0.39746, -0.0, 1.0, 1e-06, -0.0, 0.0, 0.0, 0.0, 1.0]
            ]
        },
        {
            "name": "Thigh_L",
            "time": [0.0, 0.1167, 0.25, 0.3333, 0.4, 0.4333, 0.45, 0.4667, 0.4833, 0.5167, 0.5333, 0.5667, 0.6167, 0.75, 0.8167, 0.8667, 0.8833, 0.95, 1.0, 1.1167, 1.2, 1.2667, 1.4333, 1.5833, 1.6, 1.6167, 1.6333, 1.65, 1.6667, 1.6833, 1.7, 1.7333, 1.8, 2.1333, 2.3167, 2.5167],
            "transform": [
                [0.476442, -0.488519, -0.730993, -0.125006, -0.282621, -0.872397, 0.39881, -0.002831, -0.832542, 0.016591, -0.553712, -1.2e-05, 0.0, 0.0, 0.0, 1.0],
                [0.510324, -0.711094, -0.483647, -0.125006, -0.321377, -0.679341, 0.659706, -0.002831, -0.797674, -0.181224, -0.575214, -1.2e-05, 0.0, 0.0, 0.0, 1.0],
                [0.538849, -0.826781, -0.16148, -0.125006, -0.342327, -0.390065, 0.854787, -0.002831, -0.769709, -0.405317, -0.493216, -1.2e-05, 0.0, 0.0, 0.0, 1.0],
                [0.432859, -0.77956, -0.452679, -0.125006, -0.398882, -0.615962, 0.679325, -0.002831, -0.808408, -0.11348, -0.577578, -1.2e-05, 0.0, 0.0, 0.0, 1.0],
                [0.588201, -0.795156, -0.147474, -0.125006, -0.515797, -0.509317, 0.688874, -0.002831, -0.622872, -0.329125, -0.70972, -1.2e-05, 0.0, 0.0, 0.0, 1.0],
                [0.545663, -0.835931, -0.058942, -0.125006, -0.596762, -0.436998, 0.672983, -0.002831, -0.588323, -0.332044, -0.737305, -1.2e-05, 0.0, 0.0, 0.0, 1.0],
                [0.546874, -0.837143, 0.011106, -0.125006, -0.601472, -0.383625, 0.700758, -0.002831, -0.582372, -0.389902, -0.713311, -1.2e-05, 0.0, 0.0, 0.0, 1.0],
                [0.625229, -0.769104, 0.132552, -0.125006, -0.529879, -0.293637, 0.795615, -0.002831, -0.572987, -0.567674, -0.591122, -1.2e-05, 0.0, 0.0, 0.0, 1.0],
                [0.869236, -0.491266, -0.055585, -0.125006, -0.169206, -0.401252, 0.900203, -0.002831, -0.46454, -0.77308, -0.431908, -1.2e-05, 0.0, 0.0, 0.0, 1.0],
                [0.915863, -0.355234, -0.187096, -0.125006, -0.026461, -0.518404, 0.854727, -0.002831, -0.400617, -0.777858, -0.484186, -1.2e-05, 0.0, 0.0, 0.0, 1.0],
                [0.926135, -0.29438, -0.235826, -0.125006, 0.02206, -0.581882, 0.812974, -0.002831, -0.376545, -0.758123, -0.532408, -1.2e-05, 0.0, 0.0, 0.0, 1.0],
                [0.979378, -0.190948, 0.06601, -0.125006, -0.171285, -0.611509, 0.772474, -0.002831, -0.107133, -0.76785, -0.631606, -1.2e-05, 0.0, 0.0, 0.0, 1.0],
                [0.913611, 0.039208, 0.404689, -0.125006, -0.220923, -0.787711, 0.575067, -0.002831, 0.341329, -0.614794, -0.711002, -1.2e-05, 0.0, 0.0, 0.0, 1.0],
                [0.895679, -0.349038, -0.275561, -0.125006, -0.246704, -0.905553, 0.345119, -0.002831, -0.369992, -0.241134, -0.897194, -1.2e-05, 0.0, 0.0, 0.0, 1.0],
                [0.791723, -0.399083, -0.462506, -0.125006, -0.26648, -0.9069, 0.326368, -0.002831, -0.549693, -0.135143, -0.824361, -1.2e-05, 0.0, 0.0, 0.0, 1.0],
                [0.808689, -0.385899, -0.443967, -0.125006, -0.251464, -0.909091, 0.332138, -0.002831, -0.531776, -0.156954, -0.832211, -1.2e-05, 0.0, 0.0, 0.0, 1.0],
                [0.824072, -0.378987, -0.421044, -0.125006, -0.246606, -0.909131, 0.335652, -0.002831, -0.509989, -0.172769, -0.84265, -1.2e-05, 0.0, 0.0, 0.0, 1.0],
                [0.882969, -0.353316, -0.309091, -0.125006, -0.241681, -0.906605, 0.345911, -0.002831, -0.402436, -0.230727, -0.885893, -1.2e-05, 0.0, 0.0, 0.0, 1.0],
                [0.895679, -0.349038, -0.275561, -0.125006, -0.246704, -0.905553, 0.34512, -0.002831, -0.369992, -0.241134, -0.897194, -1.2e-05, 0.0, 0.0, 0.0, 1.0],
                [0.949795, -0.21285, -0.229316, -0.125006, -0.094504, -0.89387, 0.438249, -0.002831, -0.298257, -0.394575, -0.869108, -1.2e-05, 0.0, 0.0, 0.0, 1.0],
                [0.925816, -0.293618, -0.238021, -0.125006, -0.136843, -0.847388, 0.513034, -0.002831, -0.35233, -0.442403, -0.824706, -1.2e-05, 0.0, 0.0, 0.0, 1.0],
                [0.938498, -0.304204, -0.163349, -0.125006, -0.136161, -0.760807, 0.634532, -0.002831, -0.317301, -0.573264, -0.755436, -1.2e-05, 0.0, 0.0, 0.0, 1.0],
                [0.992354, -0.085823, -0.088702, -0.125006, 0.00565, -0.686359, 0.72724, -0.002831, -0.123292, -0.72218, -0.680626, -1.2e-05, 0.0, 0.0, 0.0, 1.0],
                [0.95568, -0.289109, -0.055598, -0.125006, 0.101887, 0.147595, 0.983786, -0.002831, -0.276213, -0.945848, 0.17051, -1.2e-05, 0.0, 0.0, 0.0, 1.0],
                [0.955409, -0.290999, -0.050124, -0.125006, 0.096676, 0.147853, 0.984272, -0.002831, -0.279009, -0.945228, 0.169393, -1.2e-05, 0.0, 0.0, 0.0, 1.0],
                [0.954125, -0.297884, -0.030169, -0.125006, 0.077478, 0.1483, 0.985902, -0.002831, -0.289208, -0.94301, 0.164576, -1.2e-05, 0.0, 0.0, 0.0, 1.0],
                [0.95568, -0.289109, -0.055598, -0.125006, 0.101887, 0.147595, 0.983786, -0.002831, -0.276213, -0.945848, 0.17051, -1.2e-05, 0.0, 0.0, 0.0, 1.0],
                [0.931592, -0.345921, 0.111693, -0.125006, -0.213033, -0.270589, 0.938827, -0.002831, -0.294534, -0.898397, -0.325771, -1.2e-05, 0.0, 0.0, 0.0, 1.0],
                [0.914009, -0.399372, 0.071358, -0.125006, -0.236125, -0.380663, 0.894058, -0.002831, -0.329896, -0.834024, -0.442231, -1.2e-05, 0.0, 0.0, 0.0, 1.0],
                [0.914009, -0.399372, 0.071358, -0.125006, -0.236125, -0.380663, 0.894058, -0.002831, -0.329896, -0.834024, -0.442231, -1.2e-05, 0.0, 0.0, 0.0, 1.0],
                [0.90606, -0.403114, 0.128673, -0.125006, -0.255607, -0.279067, 0.925627, -0.002831, -0.337222, -0.871561, -0.355891, -1.2e-05, 0.0, 0.0, 0.0, 1.0],
                [0.90606, -0.403114, 0.128673, -0.125006, -0.255607, -0.279067, 0.925627, -0.002831, -0.337222, -0.871561, -0.355891, -1.2e-05, 0.0, 0.0, 0.0, 1.0],
                [0.90606, -0.403114, 0.128673, -0.125006, -0.255607, -0.279067, 0.925627, -0.002831, -0.337222, -0.871561, -0.355891, -1.2e-05, 0.0, 0.0, 0.0, 1.0],
                [0.90606, -0.403114, 0.128673, -0.125006, -0.255607, -0.279067, 0.925627, -0.002831, -0.337222, -0.871561, -0.355891, -1.2e-05, 0.0, 0.0, 0.0, 1.0],
                [0.969435, -0.240733, -0.047361, -0.125006, -0.183571, -0.839787, 0.510939, -0.002831, -0.162771, -0.486624, -0.85831, -1.2e-05, 0.0, 0.0, 0.0, 1.0],
                [0.641947, -0.423538, -0.639154, -0.125006, -0.145862, -0.885827, 0.440493, -0.002831, -0.752746, -0.189538, -0.630432, -1.1e-05, 0.0, 0.0, 0.0, 1.0]
            ]
        },
        {
            "name": "Leg_L",
            "time": [0.0, 0.1167, 0.25, 0.3333, 0.4, 0.4333, 0.45, 0.4667, 0.4833, 0.5167, 0.5333, 0.5667, 0.6167, 0.75, 0.8167, 0.8667, 0.8833, 0.95, 1.0, 1.1167, 1.2, 1.2667, 1.4333, 1.5833, 1.6, 1.6167, 1.6333, 1.65, 1.6667, 1.6833, 1.7, 1.7333, 1.8, 2.1333, 2.3167, 2.5167],
            "transform": [
                [1.0, -0.0, 1e-06, 0.0, -0.0, 0.821451, 0.570276, 0.37472, -1e-06, -0.570279, 0.821454, 0.0, 0.0, 0.0, 0.0, 1.0],
                [1.0, -1e-06, 1e-06, 0.0, -0.0, 0.488296, 0.872677, 0.37472, -1e-06, -0.87268, 0.488298, 0.0, 0.0, 0.0, 0.0, 1.0],
                [1.0, -1e-06, 0.0, 0.0, -0.0, 0.179087, 0.983833, 0.37472, -1e-06, -0.983835, 0.179088, -0.0, 0.0, 0.0, 0.0, 1.0],
                [1.0, -0.0, 1e-06, -0.0, -0.0, 0.76019, 0.6497, 0.37472, -1e-06, -0.649702, 0.760192, -0.0, 0.0, 0.0, 0.0, 1.0],
                [1.0, -1e-06, 0.0, -0.0, -0.0, 0.256789, 0.966467, 0.37472, -1e-06, -0.966469, 0.25679, -0.0, 0.0, 0.0, 0.0, 1.0],
                [1.0, -1e-06, 0.0, 0.0, -0.0, 0.031989, 0.999487, 0.37472, -1e-06, -0.99949, 0.03199, -0.0, 0.0, 0.0, 0.0, 1.0],
                [1.0, -1e-06, 0.0, -0.0, -0.0, -0.087715, 0.996144, 0.37472, -1e-06, -0.996148, -0.087714, 0.0, 0.0, 0.0, 0.0, 1.0],
                [1.0, -1e-06, 0.0, 0.0, -0.0, -0.197186, 0.980365, 0.37472, -1e-06, -0.980367, -0.197186, -0.0, 0.0, 0.0, 0.0, 1.0],
                [1.0, -1e-06, 0.0, 0.0, -0.0, 0.046367, 0.998925, 0.37472, -1e-06, -0.998924, 0.046366, -0.0, 0.0, 0.0, 0.0, 1.0],
                [1.0, -1e-06, 0.0, -0.0, -0.0, 0.333932, 0.942598, 0.37472, -1e-06, -0.942597, 0.333933, 0.0, 0.0, 0.0, 0.0, 1.0],
                [1.0, -0.0, 1e-06, 0.0, -0.0, 0.480455, 0.87702, 0.37472, -1e-06, -0.877019, 0.480456, 0.0, 0.0, 0.0, 0.0, 1.0],
                [1.0, -1e-06, 0.0, 0.0, -0.0, 0.314614, 0.94922, 0.37472, -1e-06, -0.94922, 0.314614, -0.0, 0.0, 0.0, 0.0, 1.0],
                [1.0, -1e-06, 0.0, 0.0, -0.0, 0.208786, 0.977963, 0.37472, -1e-06, -0.97796, 0.208786, -0.0, 0.0, 0.0, 0.0, 1.0],
                [1.0, -1e-06, 0.0, 0.0, -0.0, 0.407366, 0.913265, 0.37472, -1e-06, -0.913264, 0.407366, -0.0, 0.0, 0.0, 0.0, 1.0],
                [1.0, -1e-06, 1e-06, -0.0, -0.0, 0.427483, 0.904023, 0.37472, -1e-06, -0.904023, 0.427483, 0.0, 0.0, 0.0, 0.0, 1.0],
                [1.0, -0.0, 1e-06, 0.0, -0.0, 0.416425, 0.909169, 0.37472, -1e-06, -0.90917, 0.416425, 0.0, 0.0, 0.0, 0.0, 1.0],
                [1.0, -1e-06, 0.0, -0.0, -0.0, 0.412127, 0.911126, 0.37472, -1e-06, -0.911126, 0.412127, 0.0, 0.0, 0.0, 0.0, 1.0],
                [1.0, -1e-06, 0.0, 0.0, -0.0, 0.40444, 0.914564, 0.37472, -1e-06, -0.914565, 0.404439, -0.0, 0.0, 0.0, 0.0, 1.0],
                [1.0, -1e-06, 1e-06, -0.0, -0.0, 0.407366, 0.913265, 0.37472, -1e-06, -0.913265, 0.407366, -0.0, 0.0, 0.0, 0.0, 1.0],
                [1.0, -1e-06, 1e-06, -0.0, -0.0, 0.432077, 0.901836, 0.37472, -1e-06, -0.901836, 0.432078, -0.0, 0.0, 0.0, 0.0, 1.0],
                [1.0, -0.0, 1e-06, 0.0, -0.0, 0.549839, 0.83527, 0.37472, -1e-06, -0.835271, 0.549839, -0.0, 0.0, 0.0, 0.0, 1.0],
                [1.0, -0.0, 1e-06, -0.0, -0.0, 0.671039, 0.741421, 0.37472, -1e-06, -0.741422, 0.67104, -0.0, 0.0, 0.0, 0.0, 1.0],
                [1.0, -1e-06, 0.0, -0.0, -0.0, -0.036075, 0.99935, 0.37472, -1e-06, -0.999349, -0.036075, -0.0, 0.0, 0.0, 0.0, 1.0],
                [1.0, -1e-06, 0.0, -0.0, -0.0, -0.190234, 0.98174, 0.37472, -1e-06, -0.981738, -0.190234, -0.0, 0.0, 0.0, 0.0, 1.0],
                [1.0, -1e-06, 0.0, 0.0, -0.0, -0.196084, 0.980588, 0.37472, -1e-06, -0.980587, -0.196084, -0.0, 0.0, 0.0, 0.0, 1.0],
                [1.0, -1e-06, 0.0, 0.0, -0.0, -0.216642, 0.976252, 0.37472, -1e-06, -0.97625, -0.216643, 0.0, 0.0, 0.0, 0.0, 1.0],
                [1.0, -1e-06, 0.0, 0.0, -0.0, -0.190233, 0.98174, 0.37472, -1e-06, -0.981738, -0.190234, -0.0, 0.0, 0.0, 0.0, 1.0],
                [1.0, -1e-06, 0.0, 0.0, -0.0, -0.088384, 0.996087, 0.37472, -1e-06, -0.996086, -0.088384, -0.0, 0.0, 0.0, 0.0, 1.0],
                [1.0, -1e-06, 0.0, 0.0, -0.0, -0.01972, 0.999806, 0.37472, -1e-06, -0.999806, -0.019721, -0.0, 0.0, 0.0, 0.0, 1.0],
                [1.0, -1e-06, 0.0, 0.0, -0.0, -0.01972, 0.999806, 0.37472, -1e-06, -0.999806, -0.019721, -0.0, 0.0, 0.0, 0.0, 1.0],
                [1.0, -1e-06, 0.0, -0.0, -0.0, -0.166584, 0.986027, 0.374721, -1e-06, -0.986027, -0.166585, -0.0, 0.0, 0.0, 0.0, 1.0],
                [1.0, -1e-06, 0.0, -0.0, -0.0, -0.166584, 0.986027, 0.374721, -1e-06, -0.986027, -0.166585, -0.0, 0.0, 0.0, 0.0, 1.0],
                [1.0, -1e-06, 0.0, -0.0, -0.0, -0.166584, 0.986027, 0.374721, -1e-06, -0.986027, -0.166585, -0.0, 0.0, 0.0, 0.0, 1.0],
                [1.0, -1e-06, 0.0, -0.0, -0.0, -0.166584, 0.986027, 0.374721, -1e-06, -0.986027, -0.166585, -0.0, 0.0, 0.0, 0.0, 1.0],
                [1.0, -0.0, 1e-06, 0.0, -0.0, 0.728989, 0.684525, 0.37472, -1e-06, -0.684525, 0.728992, -0.0, 0.0, 0.0, 0.0, 1.0],
                [1.0, -0.0, 1e-06, 0.0, -0.0, 0.832094, 0.554633, 0.37472, -1e-06, -0.554634, 0.832097, -0.0, 0.0, 0.0, 0.0, 1.0]
            ]
        },
        {
            "name": "Knee_L",
            "time": [0.0, 0.1167, 0.25, 0.3333, 0.4, 0.4333, 0.45, 0.4667, 0.4833, 0.5167, 0.5333, 0.5667, 0.6167, 0.75, 0.8167, 0.8667, 0.8833, 0.95, 1.0, 1.1167, 1.2, 1.2667, 1.4333, 1.5833, 1.6, 1.6167, 1.6333, 1.65, 1.6667, 1.6833, 1.7, 1.7333, 1.8, 2.1333, 2.3167, 2.5167],
            "transform": [
                [1.0, 0.0, -0.0, 0.0, -0.0, 1e-06, -1.0, 0.383464, -0.0, 1.0, 1e-06, 0.0, 0.0, 0.0, 0.0, 1.0],
                [1.0, 0.0, -0.0, 0.0, -0.0, 1e-06, -1.0, 0.431134, -0.0, 1.0, 1e-06, -0.0, 0.0, 0.0, 0.0, 1.0],
                [1.0, 0.0, -0.0, 0.0, -0.0, 1e-06, -1.0, 0.465806, -0.0, 1.0, 1e-06, 0.0, 0.0, 0.0, 0.0, 1.0],
                [1.0, 0.0, -0.0, -0.0, -0.0, 1e-06, -1.0, 0.394005, -0.0, 1.0, 1e-06, -0.0, 0.0, 0.0, 0.0, 1.0],
                [1.0, 0.0, -0.0, 0.0, -0.0, 1e-06, -1.0, 0.457441, -0.0, 1.0, 1e-06, -0.0, 0.0, 0.0, 0.0, 1.0],
                [1.0, 0.0, -0.0, 0.0, -0.0, 1e-06, -1.0, 0.481359, -0.0, 1.0, 1e-06, -0.0, 0.0, 0.0, 0.0, 1.0],
                [1.0, 0.0, -0.0, 0.0, -0.0, 1e-06, -1.0, 0.48472, -0.0, 1.0, 1e-06, -0.0, 0.0, 0.0, 0.0, 1.0],
                [1.0, 0.0, -0.0, -0.0, -0.0, 1e-06, -1.0, 0.48472, -0.0, 1.0, 1e-06, -0.0, 0.0, 0.0, 0.0, 1.0],
                [1.0, 0.0, -0.0, 0.0, -0.0, 1e-06, -1.0, 0.479848, -0.0, 1.0, 1e-06, -0.0, 0.0, 0.0, 0.0, 1.0],
                [1.0, 0.0, -0.0, -0.0, -0.0, 1e-06, -1.0, 0.448956, -0.0, 1.0, 1e-06, -0.0, 0.0, 0.0, 0.0, 1.0],
                [1.0, 0.0, -0.0, 0.0, -0.0, 0.0, -1.0, 0.432076, -0.0, 1.0, 1e-06, 0.0, 0.0, 0.0, 0.0, 1.0],
                [1.0, 0.0, -0.0, 0.0, -0.0, 1e-06, -1.0, 0.451101, -0.0, 1.0, 1e-06, -0.0, 0.0, 0.0, 0.0, 1.0],
                [1.0, 0.0, -0.0, 0.0, -0.0, 1e-06, -1.0, 0.462626, 0.0, 1.0, 1e-06, -0.0, 0.0, 0.0, 0.0, 1.0],
                [1.0, 0.0, -0.0, 0.0, -0.0, 1e-06, -1.0, 0.440648, -0.0, 1.0, 1e-06, 0.0, 0.0, 0.0, 0.0, 1.0],
                [1.0, 0.0, -0.0, -0.0, -0.0, 1e-06, -1.0, 0.438322, -0.0, 1.0, 1e-06, -0.0, 0.0, 0.0, 0.0, 1.0],
                [1.0, 0.0, -0.0, 0.0, -0.0, 1e-06, -1.0, 0.439603, -0.0, 1.0, 1e-06, -0.0, 0.0, 0.0, 0.0, 1.0],
                [1.0, 0.0, -0.0, -0.0, -0.0, 1e-06, -1.0, 0.4401, -0.0, 1.0, 1e-06, -0.0, 0.0, 0.0, 0.0, 1.0],
                [1.0, 0.0, -0.0, 0.0, -0.0, 1e-06, -1.0, 0.440984, -0.0, 1.0, 1e-06, -0.0, 0.0, 0.0, 0.0, 1.0],
                [1.0, 0.0, -0.0, 0.0, -0.0, 1e-06, -1.0, 0.440648, -0.0, 1.0, 1e-06, -0.0, 0.0, 0.0, 0.0, 1.0],
                [1.0, 0.0, -0.0, 0.0, -0.0, 1e-06, -1.0, 0.437788, -0.0, 1.0, 1e-06, -0.0, 0.0, 0.0, 0.0, 1.0],
                [1.0, 0.0, -0.0, 0.0, -0.0, 1e-06, -1.0, 0.423567, -0.0, 1.0, 1e-06, 0.0, 0.0, 0.0, 0.0, 1.0],
                [1.0, 0.0, -0.0, 0.0, -0.0, 1e-06, -1.0, 0.40745, -0.0, 1.0, 1e-06, 0.0, 0.0, 0.0, 0.0, 1.0],
                [1.0, 0.0, -0.0, 0.0, -0.0, 1e-06, -1.0, 0.48472, -0.0, 1.0, 0.0, -0.0, 0.0, 0.0, 0.0, 1.0],
                [1.0, 0.0, -0.0, -0.0, -0.0, 1e-06, -1.0, 0.48472, -0.0, 1.0, 1e-06, -0.0, 0.0, 0.0, 0.0, 1.0],
                [1.0, 0.0, -0.0, 0.0, -0.0, 1e-06, -1.0, 0.48472, -0.0, 1.0, 1e-06, -0.0, 0.0, 0.0, 0.0, 1.0],
                [1.0, 0.0, -0.0, 0.0, -0.0, 1e-06, -1.0, 0.48472, -0.0, 1.0, 1e-06, 0.0, 0.0, 0.0, 0.0, 1.0],
                [1.0, 0.0, -0.0, -0.0, -0.0, 1e-06, -1.0, 0.48472, -0.0, 1.0, 1e-06, -0.0, 0.0, 0.0, 0.0, 1.0],
                [1.0, 0.0, -0.0, 0.0, -0.0, 1e-06, -1.0, 0.484721, -0.0, 1.0, 1e-06, -0.0, 0.0, 0.0, 0.0, 1.0],
                [1.0, 0.0, -0.0, -0.0, -0.0, 1e-06, -1.0, 0.48472, -0.0, 1.0, 1e-06, -0.0, 0.0, 0.0, 0.0, 1.0],
                [1.0, 0.0, -0.0, -0.0, -0.0, 1e-06, -1.0, 0.48472, -0.0, 1.0, 1e-06, -0.0, 0.0, 0.0, 0.0, 1.0],
                [1.0, 0.0, -0.0, 0.0, -0.0, 1e-06, -1.0, 0.48472, -0.0, 1.0, 1e-06, -0.0, 0.0, 0.0, 0.0, 1.0],
                [1.0, 0.0, -0.0, 0.0, -0.0, 1e-06, -1.0, 0.48472, -0.0, 1.0, 1e-06, -0.0, 0.0, 0.0, 0.0, 1.0],
                [1.0, 0.0, -0.0, 0.0, -0.0, 1e-06, -1.0, 0.48472, -0.0, 1.0, 1e-06, -0.0, 0.0, 0.0, 0.0, 1.0],
                [1.0, 0.0, -0.0, 0.0, -0.0, 1e-06, -1.0, 0.48472, -0.0, 1.0, 1e-06, -0.0, 0.0, 0.0, 0.0, 1.0],
                [1.0, 0.0, -0.0, 0.0, -0.0, 1e-06, -1.0, 0.398917, -0.0, 1.0, 1e-06, -0.0, 0.0, 0.0, 0.0, 1.0],
                [1.0, 0.0, -0.0, 0.0, -0.0, 1e-06, -1.0, 0.381477, -0.0, 1.0, 1e-06, -0.0, 0.0, 0.0, 0.0, 1.0]
            ]
        },
        {
            "name": "Torso",
            "time": [0.0, 0.1167, 0.25, 0.3333, 0.4, 0.4333, 0.45, 0.4667, 0.4833, 0.5167, 0.5333, 0.5667, 0.6167, 0.75, 0.8167, 0.8667, 0.8833, 0.95, 1.0, 1.1167, 1.2, 1.2667, 1.4333, 1.5833, 1.6, 1.6167, 1.6333, 1.65, 1.6667, 1.6833, 1.7, 1.7333, 1.8, 2.1333, 2.3167, 2.5167],
            "transform": [
                [0.842933, 0.015171, 0.537805, 0.0, -0.026711, 0.99955, 0.013669, 0.05, -0.537356, -0.025888, 0.842958, 0.0, 0.0, 0.0, 0.0, 1.0],
                [0.873876, -0.044505, 0.484108, 0.0, -0.002671, 0.995346, 0.096327, 0.05, -0.486142, -0.085471, 0.86969, 0.0, 0.0, 0.0, 0.0, 1.0],
                [0.906449, -0.080989, 0.414477, 0.0, 0.031383, 0.991644, 0.125133, 0.05, -0.421147, -0.100419, 0.901416, 0.0, 0.0, 0.0, 0.0, 1.0],
                [0.908112, 0.029248, 0.417704, 0.0, -0.068979, 0.994378, 0.080337, 0.05, -0.413006, -0.101767, 0.905024, 0.0, 0.0, 0.0, 0.0, 1.0],
                [0.891424, 0.036795, 0.451675, 0.0, -0.095469, 0.989578, 0.107802, 0.05, -0.443001, -0.139218, 0.885646, -0.0, 0.0, 0.0, 0.0, 1.0],
                [0.880762, 0.034141, 0.472328, -0.0, -0.100072, 0.988292, 0.115171, 0.05, -0.462865, -0.148705, 0.873866, 0.0, 0.0, 0.0, 0.0, 1.0],
                [0.876446, 0.032412, 0.480408, 0.0, -0.102287, 0.987492, 0.119985, 0.05, -0.47051, -0.1543, 0.868799, 0.0, 0.0, 0.0, 0.0, 1.0],
                [0.874464, 0.028209, 0.484269, 0.0, -0.108164, 0.984513, 0.137968, 0.05, -0.472877, -0.173028, 0.863973, 0.0, 0.0, 0.0, 0.0, 1.0],
                [0.889211, 0.082385, 0.450018, -0.0, -0.19252, 0.959702, 0.204716, 0.05, -0.415018, -0.268673, 0.869238, -0.0, 0.0, 0.0, 0.0, 1.0],
                [0.926618, 0.108947, 0.359875, 0.0, -0.212943, 0.940876, 0.263456, 0.05, -0.309895, -0.320755, 0.895031, -0.0, 0.0, 0.0, 0.0, 1.0],
                [0.967399, 0.128844, -0.218033, 0.0, -0.044589, 0.934118, 0.354169, 0.05, 0.249301, -0.332901, 0.90941, -0.0, 0.0, 0.0, 0.0, 1.0],
                [0.970689, 0.041363, -0.236755, 0.0, 0.014615, 0.973098, 0.229929, 0.05, 0.239896, -0.22665, 0.94397, -0.0, 0.0, 0.0, 0.0, 1.0],
                [0.970074, 0.013694, -0.242424, -0.0, -0.030099, 0.99749, -0.064094, 0.05, 0.240938, 0.069473, 0.968051, 0.0, 0.0, 0.0, 0.0, 1.0],
                [0.970074, 0.001585, -0.242806, 0.0, -0.030099, 0.993051, -0.113769, 0.05, 0.240938, 0.117672, 0.963381, 0.0, 0.0, 0.0, 0.0, 1.0],
                [0.999514, 0.002047, -0.031114, 0.0, -0.004688, 0.996366, -0.085043, 0.05, 0.030827, 0.085147, 0.995891, -0.0, 0.0, 0.0, 0.0, 1.0],
                [0.98707, -0.002674, 0.16027, 0.0, 0.009397, 0.999107, -0.041205, 0.05, -0.160017, 0.042178, 0.986213, 0.0, 0.0, 0.0, 0.0, 1.0],
                [0.983289, -0.005343, 0.181975, -0.0, 0.010437, 0.99958, -0.027044, 0.05, -0.181754, 0.028491, 0.982931, -0.0, 0.0, 0.0, 0.0, 1.0],
                [0.994985, -0.009704, -0.099556, -0.0, 0.012185, 0.99963, 0.024338, 0.05, 0.099283, -0.025429, 0.994734, 0.0, 0.0, 0.0, 0.0, 1.0],
                [0.97083, -0.006325, -0.239685, 0.0, 0.016383, 0.999066, 0.039993, 0.05, 0.239208, -0.042753, 0.970026, 0.0, 0.0, 0.0, 0.0, 1.0],
