{
    "animation": [
        {
            "name": "Root",
            "time": [0.0, 1.0, 2.0],
            "transform": [
                [0.949015, 0.0, 0.31523, -0.010651, 0.31523, 0.0, -0.949015, -0.008519, 0.0, 1.0, 0.0, 0.695179, 0.0, 0.0, 0.0, 1.0],
                [0.949015, 0.0, 0.31523, -0.010651, 0.31523, 0.0, -0.949015, -0.008519, 0.0, 1.0, 0.0, 0.711497, 0.0, 0.0, 0.0, 1.0],
                [0.949015, 0.0, 0.31523, -0.010651, 0.31523, 0.0, -0.949015, -0.008519, 0.0, 1.0, 0.0, 0.695179, 0.0, 0.0, 0.0, 1.0]
            ]
        },
        {
            "name": "Thigh_R",
            "time": [0.0, 1.0, 2.0],
            "transform": [
                [0.964728, 0.218199, 0.147263, 0.124994, 0.100134, -0.821531, 0.561301, -0.002831, 0.243459, -0.526755, -0.814405, -1.2e-05, 0.0, 0.0, 0.0, 1.0],
                [0.965337, 0.202509, 0.164657, 0.124994, 0.098336, -0.866565, 0.489277, -0.002831, 0.241772, -0.456125, -0.856444, -1.2e-05, 0.0, 0.0, 0.0, 1.0],
                [0.964728, 0.218199, 0.147263, 0.124994, 0.100134, -0.821531, 0.561301, -0.002831, 0.243459, -0.526755, -0.814405, -1.2e-05, 0.0, 0.0, 0.0, 1.0]
            ]
        },
        {
            "name": "Leg_R",
            "time": [0.0, 1.0, 2.0],
            "transform": [
                [1.0, -0.0, 1e-06, 0.0, -0.0, 0.818375, 0.574686, 0.37472, -1e-06, -0.574686, 0.818374, -0.0, 0.0, 0.0, 0.0, 1.0],
                [1.0, -0.0, 1e-06, 0.0, -0.0, 0.898393, 0.439194, 0.37472, -1e-06, -0.439195, 0.898392, 0.0, 0.0, 0.0, 0.0, 1.0],
                [1.0, -0.0, 1e-06, 0.0, -0.0, 0.818375, 0.574686, 0.37472, -1e-06, -0.574686, 0.818374, -0.0, 0.0, 0.0, 0.0, 1.0]
            ]
        },
        {
            "name": "Knee_R",
            "time": [0.0, 1.0, 2.0],
            "transform": [
                [1.0, 0.0, -0.0, 0.0, -0.0, 1e-06, -1.0, 0.384029, -0.0, 1.0, 1e-06, -0.0, 0.0, 0.0, 0.0, 1.0],
                [1.0, 0.0, -0.0, 0.0, -0.0, 1e-06, -1.0, 0.37472, -0.0, 1.0, 1e-06, 0.0, 0.0, 0.0, 0.0, 1.0],
                [1.0, 0.0, -0.0, 0.0, -0.0, 1e-06, -1.0, 0.384029, -0.0, 1.0, 1e-06, -0.0, 0.0, 0.0, 0.0, 1.0]
            ]
        },
        {
            "name": "Thigh_L",
            "time": [0.0, 1.0, 2.0],
            "transform": [
                [0.476442, -0.488519, -0.730993, -0.125006, -0.282621, -0.872397, 0.39881, -0.002831, -0.832542, 0.016591, -0.553712, -1.2e-05, 0.0, 0.0, 0.0, 1.0],
                [0.482932, -0.423205, -0.766598, -0.125006, -0.277293, -0.904312, 0.324542, -0.002831, -0.830593, 0.055848, -0.554072, -1.2e-05, 0.0, 0.0, 0.0, 1.0],
                [0.476442, -0.488519, -0.730993, -0.125006, -0.282621, -0.872397, 0.39881, -0.002831, -0.832542, 0.016591, -0.553712, -1.2e-05, 0.0, 0.0, 0.0, 1.0]
            ]
        },
        {
            "name": "Leg_L",
            "time": [0.0, 1.0, 2.0],
            "transform": [
                [1.0, -0.0, 1e-06, 0.0, -0.0, 0.821451, 0.570276, 0.37472, -1e-06, -0.570279, 0.821454, 0.0, 0.0, 0.0, 0.0, 1.0],
                [1.0, -0.0, 1e-06, -0.0, -0.0, 0.90147, 0.432841, 0.37472, -1e-06, -0.432843, 0.901471, 0.0, 0.0, 0.0, 0.0, 1.0],
                [1.0, -0.0, 1e-06, 0.0, -0.0, 0.821451, 0.570276, 0.37472, -1e-06, -0.570279, 0.821454, 0.0, 0.0, 0.0, 0.0, 1.0]
            ]
        },
        {
            "name": "Knee_L",
            "time": [0.0, 1.0, 2.0],
            "transform": [
                [1.0, 0.0, -0.0, 0.0, -0.0, 1e-06, -1.0, 0.383464, -0.0, 1.0, 1e-06, 0.0, 0.0, 0.0, 0.0, 1.0],
                [1.0, 0.0, -0.0, 0.0, -0.0, 1e-06, -1.0, 0.37472, -0.0, 1.0, 1e-06, 0.0, 0.0, 0.0, 0.0, 1.0],
                [1.0, 0.0, -0.0, 0.0, -0.0, 1e-06, -1.0, 0.383464, -0.0, 1.0, 1e-06, 0.0, 0.0, 0.0, 0.0, 1.0]
            ]
        },
        {
            "name": "Torso",
            "time": [0.0, 1.0, 2.0],
            "transform": [
                [0.842933, 0.015171, 0.537805, 0.0, -0.026711, 0.99955, 0.013669, 0.05, -0.537356, -0.025888, 0.842958, 0.0, 0.0, 0.0, 0.0, 1.0],
                [0.842933, 0.015171, 0.537805, 0.0, -0.026711, 0.99955, 0.013669, 0.05, -0.537356, -0.025888, 0.842958, 0.0, 0.0, 0.0, 0.0, 1.0],
                [0.842933, 0.015171, 0.537805, 0.0, -0.026711, 0.99955, 0.013669, 0.05, -0.537356, -0.025888, 0.842958, 0.0, 0.0, 0.0, 0.0, 1.0]
            ]
        },
        {
            "name": "Chest",
            "time": [0.0, 1.0, 2.0],
            "transform": [
                [1.0, 0.0, -0.0, 0.0, -0.0, 0.999359, 0.035795, 0.3, 0.0, -0.035795, 0.999359, 0.0, 0.0, 0.0, 0.0, 1.0],
                [1.0, 0.0, -0.0, 0.0, -0.0, 0.999359, 0.035795, 0.3, 0.0, -0.035795, 0.999359, -0.0, 0.0, 0.0, 0.0, 1.0],
                [1.0, 0.0, -0.0, 0.0, -0.0, 0.999359, 0.035795, 0.3, 0.0, -0.035795, 0.999359, 0.0, 0.0, 0.0, 0.0, 1.0]
            ]
        },
        {
            "name": "Head",
            "time": [0.0, 1.0, 2.0],
            "transform": [
                [0.605579, -0.008554, -0.795739, -0.0, -0.044097, 0.998045, -0.044288, 0.4, 0.794562, 0.06191, 0.604018, -0.0, 0.0, 0.0, 0.0, 1.0],
                [0.605579, -0.008554, -0.795739, -0.0, -0.044097, 0.998045, -0.044288, 0.4, 0.794562, 0.06191, 0.604018, 0.0, 0.0, 0.0, 0.0, 1.0],
                [0.605579, -0.008554, -0.795739, -0.0, -0.044097, 0.998045, -0.044288, 0.4, 0.794562, 0.06191, 0.604018, -0.0, 0.0, 0.0, 0.0, 1.0]
            ]
        },
        {
            "name": "Shoulder_R",
            "time": [0.0, 1.0, 2.0],
            "transform": [
                [-0.027817, 0.884584, 0.46555, -0.0, -0.227381, -0.459121, 0.858781, 0.4, 0.973408, -0.081969, 0.213909, -0.0, 0.0, 0.0, 0.0, 1.0],
                [-0.030454, 0.87825, 0.47723, -0.0, -0.21626, -0.471932, 0.8547, 0.4, 0.975861, -0.077177, 0.204303, 0.0, 0.0, 0.0, 0.0, 1.0],
                [-0.027817, 0.884584, 0.46555, -0.0, -0.227381, -0.459121, 0.858781, 0.4, 0.973408, -0.081969, 0.213909, -0.0, 0.0, 0.0, 0.0, 1.0]
            ]
        },
        {
            "name": "Arm_R",
            "time": [0.0, 1.0, 2.0],
            "transform": [
                [-0.676012, 0.193419, -0.711053, 0.0, 0.48203, 0.845921, -0.228171, 0.393861, 0.557362, -0.496996, -0.665087, 0.0, 0.0, 0.0, 0.0, 1.0],
                [-0.675148, 0.179832, -0.715428, -0.0, 0.460169, 0.860671, -0.21792, 0.393861, 0.576559, -0.476346, -0.663833, 0.0, 0.0, 0.0, 0.0, 1.0],
                [-0.676012, 0.193419, -0.711053, 0.0, 0.48203, 0.845921, -0.228171, 0.393861, 0.557362, -0.496996, -0.665087, 0.0, 0.0, 0.0, 0.0, 1.0]
            ]
        },
        {
            "name": "Hand_R",
            "time": [0.0, 1.0, 2.0],
            "transform": [
                [1.0, 0.0, -0.0, 0.0, -0.0, 0.289199, -0.95727, 0.3, -0.0, 0.957269, 0.289199, 0.0, 0.0, 0.0, 0.0, 1.0],
                [1.0, 0.0, 0.0, 0.0, -0.0, 0.271245, -0.962511, 0.3, -0.0, 0.96251, 0.271245, 0.0, 0.0, 0.0, 0.0, 1.0],
                [1.0, 0.0, -0.0, 0.0, -0.0, 0.289199, -0.95727, 0.3, -0.0, 0.957269, 0.289199, 0.0, 0.0, 0.0, 0.0, 1.0]
            ]
        },
        {
            "name": "Tool_R",
            "time": [0.0, 1.0, 2.0],
            "transform": [
                [0.926857, 0.368193, 0.073287, -0.025764, 0.370969, -0.928214, -0.028293, 0.340353, 0.057579, 0.05337, -0.99632, 0.554107, 0.0, 0.0, 0.0, 1.0],
                [0.926857, 0.368193, 0.073287, -0.025764, 0.370969, -0.928214, -0.028293, 0.340353, 0.057579, 0.05337, -0.99632, 0.554107, 0.0, 0.0, 0.0, 1.0],
                [0.926857, 0.368193, 0.073287, -0.025764, 0.370969, -0.928214, -0.028293, 0.340353, 0.057579, 0.05337, -0.99632, 0.554107, 0.0, 0.0, 0.0, 1.0]
            ]
        },
        {
            "name": "Elbow_R",
            "time": [0.0, 1.0, 2.0],
            "transform": [
                [-1.0, 0.0, -0.0, -0.0, 0.0, -0.0, -1.0, 0.43003, -0.0, -1.0, -0.0, 0.0, 0.0, 0.0, 0.0, 1.0],
                [-1.0, 0.0, -0.0, 0.0, 0.0, -0.0, -1.0, 0.431783, -0.0, -1.0, 0.0, 0.0, 0.0, 0.0, 0.0, 1.0],
                [-1.0, 0.0, -0.0, -0.0, 0.0, -0.0, -1.0, 0.43003, -0.0, -1.0, -0.0, 0.0, 0.0, 0.0, 0.0, 1.0]
            ]
        },
        {
            "name": "Shoulder_L",
            "time": [0.0, 1.0, 2.0],
            "transform": [
                [0.102168, -0.870135, -0.482107, -0.0, 0.022978, -0.48245, 0.875622, 0.4, -0.994502, -0.100539, -0.029297, -0.0, 0.0, 0.0, 0.0, 1.0],
                [0.102148, -0.863491, -0.493912, -0.0, 0.035305, -0.493049, 0.869285, 0.4, -0.994143, -0.106233, -0.019878, 0.0, 0.0, 0.0, 0.0, 1.0],
                [0.102168, -0.870135, -0.482107, -0.0, 0.022978, -0.48245, 0.875622, 0.4, -0.994502, -0.100539, -0.029297, -0.0, 0.0, 0.0, 0.0, 1.0]
            ]
        },
        {
            "name": "Arm_L",
            "time": [0.0, 1.0, 2.0],
            "transform": [
                [-0.023399, 0.982479, 0.184899, -0.0, -0.354661, 0.164762, -0.920363, 0.39386, -0.934702, -0.087112, 0.344592, 0.0, 0.0, 0.0, 0.0, 1.0],
                [-0.022527, 0.979817, 0.19862, -0.0, -0.342799, 0.179057, -0.922186, 0.39386, -0.939139, -0.08886, 0.331847, 0.0, 0.0, 0.0, 0.0, 1.0],
                [-0.023399, 0.982479, 0.184899, -0.0, -0.354661, 0.164762, -0.920363, 0.39386, -0.934702, -0.087112, 0.344592, 0.0, 0.0, 0.0, 0.0, 1.0]
            ]
        },
        {
            "name": "Hand_L",
            "time": [0.0, 1.0, 2.0],
            "transform": [
                [1.0, 0.0, -0.0, 0.0, 0.0, 0.68751, -0.726175, 0.3, -0.0, 0.726175, 0.68751, 0.0, 0.0, 0.0, 0.0, 1.0],
                [1.0, 0.0, -0.0, -0.0, 0.0, 0.674042, -0.738693, 0.3, -0.0, 0.738693, 0.674042, -0.0, 0.0, 0.0, 0.0, 1.0],
                [1.0, 0.0, -0.0, 0.0, 0.0, 0.68751, -0.726175, 0.3, -0.0, 0.726175, 0.68751, 0.0, 0.0, 0.0, 0.0, 1.0]
            ]
        },
        {
            "name": "Tool_L",
            "time": [0.0, 1.0, 2.0],
            "transform": [
                [1.0, 0.0, 0.0, -0.0, 0.0, -0.999836, 0.018122, 0.272858, 0.0, -0.018122, -0.999248, -0.0, 0.0, 0.0, 0.0, 1.0],
                [1.0, 0.0, 0.0, -0.0, -0.0, -0.999836, 0.018122, 0.272858, 0.0, -0.018122, -0.999247, -0.0, 0.0, 0.0, 0.0, 1.0],
                [1.0, 0.0, 0.0, -0.0, 0.0, -0.999836, 0.018122, 0.272858, 0.0, -0.018122, -0.999248, -0.0, 0.0, 0.0, 0.0, 1.0]
            ]
        },
        {
            "name": "Elbow_L",
            "time": [0.0, 1.0, 2.0],
            "transform": [
                [-1.0, 0.0, 0.0, 0.0, 0.0, 0.0, -1.0, 0.386487, -0.0, -1.0, 0.0, -0.0, 0.0, 0.0, 0.0, 1.0],
                [-1.0, 0.0, -0.0, 0.0, 0.0, -0.0, -1.0, 0.38821, -0.0, -1.0, 0.0, -0.0, 0.0, 0.0, 0.0, 1.0],
                [-1.0, 0.0, 0.0, 0.0, 0.0, 0.0, -1.0, 0.386487, -0.0, -1.0, 0.0, -0.0, 0.0, 0.0, 0.0, 1.0]
            ]
        }
    ]
}