{
    "animation": [
        {
            "name": "Root",
            "time": [0.0, 0.05, 0.0833, 0.1333, 0.1667, 0.2, 0.2167, 0.25, 0.2833, 0.3333, 0.3833, 0.45, 0.5, 0.5333, 0.5833, 0.6333, 0.65, 0.6667, 0.6833, 0.7833, 1.0, 1.1667, 1.45, 1.75],
            "transform": [
                [0.479344, -0.001225, 0.877626, 0.044207, 0.877609, 0.006997, -0.479325, -0.1098, -0.005553, 0.999975, 0.004429, 0.543925, 0.0, 0.0, 0.0, 1.0],
                [0.275446, -0.001225, 0.961316, 0.044207, 0.961295, 0.006997, -0.275432, -0.1098, -0.006389, 0.999975, 0.003105, 0.58292, 0.0, 0.0, 0.0, 1.0],
                [0.043855, -0.001225, 0.999037, 0.044207, 0.999014, 0.006997, -0.043846, -0.1098, -0.006936, 0.999975, 0.001531, 0.609549, 0.0, 0.0, 0.0, 1.0],
                [-0.348406, -0.002397, 0.937341, 0.018266, 0.937315, 0.006875, 0.348414, -0.104787, -0.00728, 0.999973, -0.000149, 0.617318, 0.0, 0.0, 0.0, 1.0],
                [-0.696881, -0.003605, 0.717178, -0.032256, 0.717153, 0.006121, 0.696889, -0.095026, -0.006902, 0.999975, -0.00168, 0.619584, 0.0, 0.0, 0.0, 1.0],
                [-0.990205, -0.005588, 0.139512, 0.017951, 0.139499, 0.002676, 0.990219, 0.094422, -0.005906, 0.999981, -0.00187, 0.619584, 0.0, 0.0, 0.0, 1.0],
                [-0.967486, -0.005355, -0.252866, 0.060786, -0.252867, -0.000473, 0.967501, 0.245194, -0.005301, 0.999986, -0.000897, 0.619584, 0.0, 0.0, 0.0, 1.0],
                [-0.576982, -0.001689, -0.816755, 0.155407, -0.816738, -0.005571, 0.576982, 0.56962, -0.005524, 0.999983, 0.001835, 0.619584, 0.0, 0.0, 0.0, 1.0],
                [-0.314582, 0.001024, -0.94923, 0.210018, -0.949209, -0.007029, 0.314567, 0.753251, -0.00635, 0.999975, 0.003183, 0.619584, 0.0, 0.0, 0.0, 1.0],
                [-0.051464, -0.023056, -0.998409, 0.189326, -0.998348, 0.026776, 0.050843, 0.966247, 0.025561, 0.999376, -0.024396, 0.654027, 0.0, 0.0, 0.0, 1.0],
                [0.048959, -0.052573, -0.997416, 0.181542, -0.996982, 0.057675, -0.051978, 1.054488, 0.060258, 0.99695, -0.049591, 0.68847, 0.0, 0.0, 0.0, 1.0],
                [0.582207, -0.053223, -0.811297, 0.3052, -0.809392, 0.056484, -0.584546, 1.19284, 0.076936, 0.996984, -0.010193, 0.68847, 0.0, 0.0, 0.0, 1.0],
                [0.937331, -0.052573, -0.344452, 0.503535, -0.341503, 0.057675, -0.938109, 1.374858, 0.069185, 0.99695, 0.036106, 0.68847, 0.0, 0.0, 0.0, 1.0],
                [0.998159, -0.056218, 0.022748, 0.503535, 0.026136, 0.060284, -0.997839, 1.438475, 0.054725, 0.996597, 0.061643, 0.644044, 0.0, 0.0, 0.0, 1.0],
                [0.932618, -0.059796, 0.355877, 0.503535, 0.359239, 0.060305, -0.931295, 1.479288, 0.034227, 0.996387, 0.077723, 0.557519, 0.0, 0.0, 0.0, 1.0],
                [0.69452, -0.01297, 0.719357, 0.409059, 0.719403, 0.026473, -0.694088, 1.675257, -0.010041, 0.999565, 0.027717, 0.442682, 0.0, 0.0, 0.0, 1.0],
                [0.619281, 0.003609, 0.785161, 0.376643, 0.784983, 0.018942, -0.619228, 1.715027, -0.017108, 0.999814, 0.008897, 0.41718, 0.0, 0.0, 0.0, 1.0],
                [0.589091, 0.011605, 0.807983, 0.36055, 0.807835, 0.015496, -0.589206, 1.748075, -0.019358, 0.999813, -0.000247, 0.407969, 0.0, 0.0, 0.0, 1.0],
                [0.589091, 0.011605, 0.807983, 0.36055, 0.807835, 0.015496, -0.589206, 1.790442, -0.019358, 0.999813, -0.000247, 0.407969, 0.0, 0.0, 0.0, 1.0],
                [0.589091, 0.011605, 0.807983, 0.365977, 0.807835, 0.015496, -0.589206, 1.766675, -0.019358, 0.999813, -0.000247, 0.407969, 0.0, 0.0, 0.0, 1.0],
                [0.589091, 0.011605, 0.807983, 0.397268, 0.807835, 0.015496, -0.589206, 1.694786, -0.019358, 0.999813, -0.000247, 0.407969, 0.0, 0.0, 0.0, 1.0],
                [0.589091, 0.011605, 0.807983, 0.424491, 0.807835, 0.015496, -0.589206, 1.694786, -0.019358, 0.999813, -0.000247, 0.407969, 0.0, 0.0, 0.0, 1.0],
                [0.589284, -0.000628, 0.807926, 0.344667, 0.807835, 0.015496, -0.589206, 1.792285, -0.012149, 0.99988, 0.009639, 0.52396, 0.0, 0.0, 0.0, 1.0],
                [0.589394, -0.014064, 0.807723, 0.256995, 0.807835, 0.015496, -0.589206, 1.899369, -0.00423, 0.999781, 0.020495, 0.651355, 0.0, 0.0, 0.0, 1.0]
            ]
        },
        {
            "name": "Thigh_R",
            "time": [0.0, 0.05, 0.0833, 0.1333, 0.1667, 0.2, 0.2167, 0.25, 0.2833, 0.3333, 0.3833, 0.45, 0.5, 0.5333, 0.5833, 0.6333, 0.65, 0.6667, 0.6833, 0.7833, 1.0, 1.1667, 1.45, 1.75],
            "transform": [
                [0.071921, 0.895575, 0.439051, 0.124994, 0.180387, -0.444612, 0.87737, -0.002831, 0.980962, 0.016097, -0.193531, -1.2e-05, 0.0, 0.0, 0.0, 1.0],
                [0.040814, 0.842074, 0.53781, 0.124994, 0.312654, -0.521992, 0.793582, -0.002831, 0.948989, 0.135759, -0.284586, -1.2e-05, 0.0, 0.0, 0.0, 1.0],
                [-0.096608, 0.759881, 0.642838, 0.124994, 0.387403, -0.566222, 0.727539, -0.002831, 0.916834, 0.319324, -0.239683, -1.2e-05, 0.0, 0.0, 0.0, 1.0],
                [0.283159, 0.658115, 0.697636, 0.124994, 0.572118, -0.699718, 0.427873, -0.002831, 0.769739, 0.277977, -0.574655, -1.2e-05, 0.0, 0.0, 0.0, 1.0],
                [0.605903, 0.513446, 0.607658, 0.124994, 0.546578, -0.823684, 0.15099, -0.002831, 0.578041, 0.240651, -0.779714, -1.2e-05, 0.0, 0.0, 0.0, 1.0],
                [-0.050767, 0.523852, 0.850294, 0.124994, 0.477283, -0.735148, 0.481408, -0.002831, 0.877281, 0.430271, -0.212708, -1.2e-05, 0.0, 0.0, 0.0, 1.0],
                [0.174591, 0.576147, 0.79848, 0.124994, 0.264586, -0.808559, 0.525567, -0.002831, 0.948425, 0.119508, -0.293612, -1.2e-05, 0.0, 0.0, 0.0, 1.0],
                [0.701308, 0.651127, 0.290165, 0.124994, 0.297624, -0.637318, 0.710805, -0.00283, 0.647754, -0.412133, -0.640749, -1.2e-05, 0.0, 0.0, 0.0, 1.0],
                [0.865306, 0.477497, -0.152437, 0.124994, 0.500282, -0.803919, 0.321613, -0.002831, 0.031021, -0.354549, -0.934521, -1.2e-05, 0.0, 0.0, 0.0, 1.0],
                [0.846554, 0.486944, -0.215006, 0.124994, 0.532045, -0.761496, 0.370208, -0.002831, 0.016544, -0.427789, -0.903725, -1.2e-05, 0.0, 0.0, 0.0, 1.0],
                [0.850839, 0.484033, -0.204406, 0.124994, 0.50331, -0.639138, 0.581534, -0.002831, 0.150839, -0.597668, -0.787424, -1.2e-05, 0.0, 0.0, 0.0, 1.0],
                [0.894898, -0.04667, -0.443823, 0.124994, 0.429551, -0.179602, 0.885003, -0.002831, -0.121013, -0.98263, -0.140678, -1.2e-05, 0.0, 0.0, 0.0, 1.0],
                [0.944039, 0.329342, -0.017868, 0.124994, 0.121846, -0.297892, 0.946791, -0.002831, 0.306499, -0.895984, -0.321352, -1.2e-05, 0.0, 0.0, 0.0, 1.0],
                [0.871032, 0.491031, 0.013705, 0.124994, 0.129982, -0.257296, 0.957551, -0.002831, 0.473716, -0.832275, -0.287939, -1.2e-05, 0.0, 0.0, 0.0, 1.0],
                [0.765759, 0.642219, 0.034106, 0.124994, 0.13398, -0.21117, 0.968224, -0.002831, 0.629016, -0.736856, -0.247752, -1.2e-05, 0.0, 0.0, 0.0, 1.0],
                [0.75628, 0.652479, -0.048018, 0.124994, 0.233781, -0.200963, 0.951294, -0.002831, 0.611053, -0.73067, -0.304523, -1.2e-05, 0.0, 0.0, 0.0, 1.0],
                [0.745522, 0.663086, -0.067141, 0.124994, 0.269248, -0.207495, 0.940453, -0.002831, 0.609673, -0.719205, -0.333229, -1.2e-05, 0.0, 0.0, 0.0, 1.0],
                [0.738905, 0.66947, -0.07631, 0.124994, 0.288315, -0.211775, 0.933823, -0.002831, 0.60901, -0.712007, -0.349501, -1.2e-05, 0.0, 0.0, 0.0, 1.0],
                [0.738905, 0.66947, -0.07631, 0.124994, 0.288314, -0.211774, 0.933823, -0.002831, 0.60901, -0.712007, -0.349501, -1.2e-05, 0.0, 0.0, 0.0, 1.0],
                [0.740955, 0.666557, -0.081751, 0.124994, 0.285784, -0.202812, 0.936586, -0.002831, 0.607711, -0.71733, -0.340768, -1.2e-05, 0.0, 0.0, 0.0, 1.0],
                [0.760939, 0.642809, -0.088102, 0.124995, 0.260295, -0.178065, 0.948967, -0.002831, 0.59432, -0.745039, -0.302818, -1.2e-05, 0.0, 0.0, 0.0, 1.0],
                [0.785732, 0.613753, -0.07699, 0.124995, 0.226382, -0.169495, 0.959178, -0.002831, 0.575652, -0.771085, -0.272121, -1.2e-05, 0.0, 0.0, 0.0, 1.0],
                [0.70531, 0.669947, 0.23174, 0.124994, 0.197438, -0.499613, 0.843449, -0.002831, 0.680849, -0.549138, -0.484656, -1.2e-05, 0.0, 0.0, 0.0, 1.0],
                [0.534962, 0.533019, 0.655515, 0.124994, 0.19879, -0.8335, 0.515518, -0.002831, 0.821156, -0.145472, -0.551853, -1.2e-05, 0.0, 0.0, 0.0, 1.0]
            ]
        },
        {
            "name": "Leg_R",
            "time": [0.0, 0.05, 0.0833, 0.1333, 0.1667, 0.2, 0.2167, 0.25, 0.2833, 0.3333, 0.3833, 0.45, 0.5, 0.5333, 0.5833, 0.6333, 0.65, 0.6667, 0.6833, 0.7833, 1.0, 1.1667, 1.45, 1.75],
            "transform": [
                [1.0, -1e-06, 0.0, -0.0, -0.0, 0.379404, 0.925232, 0.37472, -1e-06, -0.925231, 0.379403, -0.0, 0.0, 0.0, 0.0, 1.0],
                [1.0, -1e-06, 0.0, 0.0, -0.0, 0.464605, 0.88552, 0.37472, -1e-06, -0.885519, 0.464604, -0.0, 0.0, 0.0, 0.0, 1.0],
                [1.0, -0.0, 1e-06, -0.0, -0.0, 0.533953, 0.845518, 0.37472, -1e-06, -0.845515, 0.533953, 0.0, 0.0, 0.0, 0.0, 1.0],
                [1.0, -1e-06, 0.0, 0.0, -0.0, 0.501307, 0.865273, 0.37472, -1e-06, -0.86527, 0.501307, 0.0, 0.0, 0.0, 0.0, 1.0],
                [1.0, -1e-06, 1e-06, -0.0, -0.0, 0.47013, 0.882599, 0.37472, -1e-06, -0.882599, 0.470131, 0.0, 0.0, 0.0, 0.0, 1.0],
                [1.0, -1e-06, 0.0, -0.0, -0.0, 0.190137, 0.981758, 0.37472, -1e-06, -0.981758, 0.190135, 0.0, 0.0, 0.0, 0.0, 1.0],
                [1.0, -1e-06, 0.0, 0.0, -0.0, 0.018032, 0.999839, 0.37472, -1e-06, -0.999837, 0.018031, 0.0, 0.0, 0.0, 0.0, 1.0],
                [1.0, -1e-06, 0.0, -0.0, -0.0, -0.002808, 0.999998, 0.37472, -1e-06, -0.999995, -0.002809, -0.0, 0.0, 0.0, 0.0, 1.0],
                [1.0, -1e-06, 0.0, 0.0, -0.0, 0.289147, 0.957287, 0.37472, -1e-06, -0.957285, 0.289147, 0.0, 0.0, 0.0, 0.0, 1.0],
                [1.0, -1e-06, 0.0, 0.0, -0.0, 0.278581, 0.960415, 0.37472, -1e-06, -0.960413, 0.27858, -0.0, 0.0, 0.0, 0.0, 1.0],
                [1.0, -1e-06, 0.0, 0.0, -0.0, 0.188893, 0.982, 0.37472, -1e-06, -0.981997, 0.188891, 0.0, 0.0, 0.0, 0.0, 1.0],
                [1.0, -1e-06, 0.0, 0.0, -0.0, 0.154847, 0.987939, 0.37472, -1e-06, -0.987939, 0.154846, -0.0, 0.0, 0.0, 0.0, 1.0],
                [1.0, -1e-06, 1e-06, 0.0, -0.0, 0.248041, 0.968752, 0.37472, -1e-06, -0.968748, 0.248038, -0.0, 0.0, 0.0, 0.0, 1.0],
                [1.0, -1e-06, 0.0, -0.0, -0.0, 0.218166, 0.975914, 0.374721, -1e-06, -0.97591, 0.218164, 0.0, 0.0, 0.0, 0.0, 1.0],
                [1.0, -1e-06, 0.0, 0.0, -0.0, 0.060018, 0.9982, 0.37472, -1e-06, -0.998195, 0.060016, 0.0, 0.0, 0.0, 0.0, 1.0],
                [1.0, -1e-06, 0.0, 0.0, -0.0, -0.033356, 0.999445, 0.37472, -1e-06, -0.999442, -0.033358, 0.0, 0.0, 0.0, 0.0, 1.0],
                [1.0, -1e-06, 0.0, 0.0, -0.0, -0.033577, 0.999438, 0.37472, -1e-06, -0.999434, -0.033579, -0.0, 0.0, 0.0, 0.0, 1.0],
                [1.0, -1e-06, 0.0, -0.0, -0.0, -0.025011, 0.99969, 0.37472, -1e-06, -0.999685, -0.025013, 0.0, 0.0, 0.0, 0.0, 1.0],
                [1.0, -1e-06, 0.0, 0.0, -0.0, -0.025012, 0.999689, 0.37472, -1e-06, -0.999685, -0.025013, 0.0, 0.0, 0.0, 0.0, 1.0],
                [1.0, -1e-06, 0.0, 0.0, -0.0, 0.001045, 1.000002, 0.37472, -1e-06, -0.999997, 0.001043, 0.0, 0.0, 0.0, 0.0, 1.0],
                [1.0, -1e-06, 0.0, -0.0, -0.0, 0.086353, 0.996267, 0.37472, -1e-06, -0.996263, 0.08635, 0.0, 0.0, 0.0, 0.0, 1.0],
                [1.0, -1e-06, 0.0, 0.0, -0.0, 0.086103, 0.996288, 0.37472, -1e-06, -0.996285, 0.086101, 0.0, 0.0, 0.0, 0.0, 1.0],
                [1.0, -1e-06, 0.0, -0.0, -0.0, 0.305676, 0.952138, 0.37472, -1e-06, -0.952135, 0.305674, -0.0, 0.0, 0.0, 0.0, 1.0],
                [1.0, -0.0, 1e-06, -0.0, -0.0, 0.78902, 0.614368, 0.374721, -1e-06, -0.614368, 0.789021, -0.0, 0.0, 0.0, 0.0, 1.0]
            ]
        },
        {
            "name": "Knee_R",
            "time": [0.0, 0.05, 0.0833, 0.1333, 0.1667, 0.2, 0.2167, 0.25, 0.2833, 0.3333, 0.3833, 0.45, 0.5, 0.5333, 0.5833, 0.6333, 0.65, 0.6667, 0.6833, 0.7833, 1.0, 1.1667, 1.45, 1.75],
            "transform": [
                [1.0, 0.0, -0.0, -0.0, -0.0, 1e-06, -1.0, 0.443843, -0.0, 1.0, 1e-06, -0.0, 0.0, 0.0, 0.0, 1.0],
                [1.0, 0.0, -0.0, 0.0, -0.0, 1e-06, -1.0, 0.433965, -0.0, 1.0, 1e-06, -0.0, 0.0, 0.0, 0.0, 1.0],
                [1.0, 0.0, -0.0, 0.0, -0.0, 1e-06, -1.0, 0.425553, -0.0, 1.0, 0.0, -0.0, 0.0, 0.0, 0.0, 1.0],
                [1.0, 0.0, -0.0, 0.0, -0.0, 1e-06, -1.0, 0.429562, -0.0, 1.0, 1e-06, -0.0, 0.0, 0.0, 0.0, 1.0],
                [1.0, 0.0, -0.0, -0.0, -0.0, 1e-06, -1.0, 0.433309, -0.0, 1.0, 1e-06, -0.0, 0.0, 0.0, 0.0, 1.0],
                [1.0, 0.0, -0.0, 0.0, -0.0, 1e-06, -1.0, 0.464625, -0.0, 1.0, 1e-06, -0.0, 0.0, 0.0, 0.0, 1.0],
                [1.0, 0.0, -0.0, 0.0, -0.0, 1e-06, -1.0, 0.482826, -0.0, 1.0, 1e-06, -0.0, 0.0, 0.0, 0.0, 1.0],
                [1.0, 0.0, -0.0, 0.0, -0.0, 1e-06, -1.0, 0.48472, 0.0, 1.0, 1e-06, -0.0, 0.0, 0.0, 0.0, 1.0],
                [1.0, 0.0, -0.0, 0.0, -0.0, 1e-06, -1.0, 0.453908, -0.0, 1.0, 1e-06, -0.0, 0.0, 0.0, 0.0, 1.0],
                [1.0, 0.0, -0.0, 0.0, -0.0, 1e-06, -1.0, 0.455065, -0.0, 1.0, 1e-06, -0.0, 0.0, 0.0, 0.0, 1.0],
                [1.0, 0.0, -0.0, 0.0, -0.0, 1e-06, -1.0, 0.464759, -0.0, 1.0, 1e-06, -0.0, 0.0, 0.0, 0.0, 1.0],
                [1.0, 0.0, -0.0, 0.0, -0.0, 1e-06, -1.0, 0.468389, -0.0, 1.0, 1e-06, -0.0, 0.0, 0.0, 0.0, 1.0],
                [1.0, 0.0, -0.0, 0.0, -0.0, 1e-06, -1.0, 0.458391, -0.0, 1.0, 1e-06, -0.0, 0.0, 0.0, 0.0, 1.0],
                [1.0, 0.0, -0.0, -0.0, -0.0, 1e-06, -1.0, 0.461618, -0.0, 1.0, 1e-06, -0.0, 0.0, 0.0, 0.0, 1.0],
                [1.0, 0.0, -0.0, 0.0, -0.0, 1e-06, -1.0, 0.478412, -0.0, 1.0, 1e-06, 0.0, 0.0, 0.0, 0.0, 1.0],
                [1.0, 0.0, -0.0, 0.0, -0.0, 1e-06, -1.0, 0.48472, -0.0, 1.0, 1e-06, -0.0, 0.0, 0.0, 0.0, 1.0],
                [1.0, 0.0, -0.0, -0.0, -0.0, 1e-06, -1.0, 0.48472, -0.0, 1.0, 1e-06, -0.0, 0.0, 0.0, 0.0, 1.0],
                [1.0, 0.0, -0.0, 0.0, -0.0, 1e-06, -1.0, 0.48472, -0.0, 1.0, 1e-06, -0.0, 0.0, 0.0, 0.0, 1.0],
                [1.0, 0.0, -0.0, 0.0, -0.0, 1e-06, -1.0, 0.48472, -0.0, 1.0, 1e-06, -0.0, 0.0, 0.0, 0.0, 1.0],
                [1.0, 0.0, -0.0, 0.0, -0.0, 1e-06, -1.0, 0.48461, -0.0, 1.0, 1e-06, -0.0, 0.0, 0.0, 0.0, 1.0],
                [1.0, 0.0, -0.0, 0.0, -0.0, 1e-06, -1.0, 0.475638, -0.0, 1.0, 1e-06, -0.0, 0.0, 0.0, 0.0, 1.0],
                [1.0, 0.0, -0.0, -0.0, -0.0, 1e-06, -1.0, 0.475664, -0.0, 1.0, 1e-06, -0.0, 0.0, 0.0, 0.0, 1.0],
                [1.0, 0.0, -0.0, 0.0, -0.0, 1e-06, -1.0, 0.452089, -0.0, 1.0, 1e-06, -0.0, 0.0, 0.0, 0.0, 1.0],
                [1.0, 0.0, -0.0, 0.0, -0.0, 1e-06, -1.0, 0.389214, -0.0, 1.0, 1e-06, -0.0, 0.0, 0.0, 0.0, 1.0]
            ]
        },
        {
            "name": "Thigh_L",
            "time": [0.0, 0.05, 0.0833, 0.1333, 0.1667, 0.2, 0.2167, 0.25, 0.2833, 0.3333, 0.3833, 0.45, 0.5, 0.5333, 0.5833, 0.6333, 0.65, 0.6667, 0.6833, 0.7833, 1.0, 1.1667, 1.45, 1.75],
            "transform": [
                [0.961141, -0.207228, 0.182384, -0.125006, -0.252547, -0.393275, 0.884054, -0.002831, -0.11147, -0.895762, -0.430328, -1.2e-05, 0.0, 0.0, 0.0, 1.0],
                [0.975547, -0.13234, 0.175477, -0.125006, -0.217752, -0.47363, 0.853379, -0.002831, -0.029822, -0.870723, -0.490867, -1.2e-05, 0.0, 0.0, 0.0, 1.0],
                [0.980958, -0.130616, 0.143733, -0.125006, -0.19186, -0.53685, 0.821571, -0.002831, -0.030143, -0.833505, -0.551689, -1.2e-05, 0.0, 0.0, 0.0, 1.0],
                [0.97468, -0.223287, 0.011916, -0.125006, -0.135805, -0.548798, 0.824847, -0.002831, -0.177635, -0.805582, -0.565227, -1.2e-05, 0.0, 0.0, 0.0, 1.0],
                [0.875166, -0.419274, -0.241442, -0.125006, -0.07375, -0.608808, 0.78988, -0.002831, -0.478166, -0.673469, -0.563731, -1.2e-05, 0.0, 0.0, 0.0, 1.0],
                [0.996819, -0.027629, 0.074745, -0.125006, -0.075966, -0.612727, 0.786633, -0.002831, 0.024068, -0.78981, -0.612878, -1.2e-05, 0.0, 0.0, 0.0, 1.0],
                [0.891727, 0.290498, 0.34703, -0.125006, -0.108744, -0.606798, 0.78738, -0.002831, 0.439314, -0.739867, -0.509511, -1.2e-05, 0.0, 0.0, 0.0, 1.0],
                [0.994253, -0.104868, -0.02151, -0.125006, -0.066352, -0.761379, 0.6449, -0.002831, -0.084004, -0.639767, -0.763963, -1.2e-05, 0.0, 0.0, 0.0, 1.0],
                [0.704759, -0.634968, -0.316439, -0.125006, -0.329356, -0.687888, 0.646786, -0.002831, -0.628361, -0.351606, -0.693925, -1.2e-05, 0.0, 0.0, 0.0, 1.0],
                [0.990586, -0.135026, -0.022543, -0.125006, -0.090168, -0.767484, 0.634694, -0.002831, -0.102998, -0.626686, -0.772434, -1.2e-05, 0.0, 0.0, 0.0, 1.0],
                [0.99193, 0.067385, 0.107387, -0.125006, -0.002509, -0.836435, 0.548059, -0.002831, 0.126756, -0.543906, -0.829517, -1.2e-05, 0.0, 0.0, 0.0, 1.0],
                [0.839167, -0.083668, -0.537401, -0.125006, 0.079707, -0.95851, 0.273687, -0.002831, -0.538001, -0.272502, -0.79768, -1.2e-05, 0.0, 0.0, 0.0, 1.0],
                [0.670339, -0.263158, -0.693827, -0.125006, -0.342285, -0.939248, 0.025539, -0.002831, -0.658394, 0.220368, -0.719687, -1.2e-05, 0.0, 0.0, 0.0, 1.0],
                [0.518514, -0.51662, -0.681359, -0.125006, -0.432241, -0.845901, 0.312438, -0.002831, -0.737773, 0.132512, -0.661913, -1.2e-05, 0.0, 0.0, 0.0, 1.0],
                [0.764065, -0.607746, -0.216454, -0.125006, -0.487895, -0.763858, 0.422466, -0.002831, -0.422091, -0.217179, -0.880152, -1.2e-05, 0.0, 0.0, 0.0, 1.0],
                [0.624347, -0.773507, -0.108998, -0.125006, -0.709621, -0.61996, 0.334792, -0.002831, -0.326536, -0.131675, -0.935966, -1.2e-05, 0.0, 0.0, 0.0, 1.0],
                [0.572706, -0.814044, -0.096655, -0.125006, -0.756397, -0.570207, 0.32051, -0.002831, -0.316019, -0.110443, -0.942299, -1.2e-05, 0.0, 0.0, 0.0, 1.0],
                [0.528694, -0.838119, -0.134317, -0.125006, -0.784902, -0.542966, 0.298521, -0.002831, -0.323123, -0.052395, -0.944903, -1.2e-05, 0.0, 0.0, 0.0, 1.0],
                [0.483018, -0.84606, -0.225561, -0.125006, -0.808133, -0.529914, 0.257119, -0.002831, -0.337063, 0.058094, -0.939686, -1.2e-05, 0.0, 0.0, 0.0, 1.0],
                [0.48168, -0.856338, -0.1862, -0.125006, -0.795143, -0.516391, 0.317939, -0.002831, -0.368413, -0.005084, -0.929646, -1.2e-05, 0.0, 0.0, 0.0, 1.0],
                [0.489749, -0.868753, -0.073584, -0.125006, -0.74305, -0.460054, 0.486029, -0.002831, -0.45609, -0.183351, -0.870838, -1.2e-05, 0.0, 0.0, 0.0, 1.0],
                [0.539537, -0.840653, 0.046945, -0.125005, -0.716615, -0.429231, 0.549746, -0.002831, -0.441993, -0.330245, -0.834011, -1.2e-05, 0.0, 0.0, 0.0, 1.0],
                [0.801065, -0.598535, -0.007461, -0.125006, -0.410436, -0.558311, 0.720992, -0.002831, -0.435702, -0.574494, -0.692902, -1.2e-05, 0.0, 0.0, 0.0, 1.0],
                [0.869447, -0.386521, -0.307676, -0.125006, -0.185095, -0.832297, 0.522514, -0.002831, -0.458039, -0.397345, -0.795181, -1.2e-05, 0.0, 0.0, 0.0, 1.0]
            ]
        },
        {
            "name": "Leg_L",
            "time": [0.0, 0.05, 0.0833, 0.1333, 0.1667, 0.2, 0.2167, 0.25, 0.2833, 0.3333, 0.3833, 0.45, 0.5, 0.5333, 0.5833, 0.6333, 0.65, 0.6667, 0.6833, 0.7833, 1.0, 1.1667, 1.45, 1.75],
            "transform": [
                [1.0, -0.0, 1e-06, 0.0, -0.0, 0.536968, 0.843602, 0.37472, -1e-06, -0.843602, 0.536969, -0.0, 0.0, 0.0, 0.0, 1.0],
                [1.0, -0.0, 1e-06, 0.0, -0.0, 0.493977, 0.869475, 0.37472, -1e-06, -0.869475, 0.493978, 0.0, 0.0, 0.0, 0.0, 1.0],
                [1.0, -1e-06, 1e-06, -0.0, -0.0, 0.475106, 0.879929, 0.37472, -1e-06, -0.879928, 0.475107, -0.0, 0.0, 0.0, 0.0, 1.0],
                [1.0, -0.0, 0.0, -0.0, -0.0, 0.421261, 0.906939, 0.37472, -1e-06, -0.906939, 0.421261, -0.0, 0.0, 0.0, 0.0, 1.0],
                [1.0, -0.0, 1e-06, 0.0, -0.0, 0.623862, 0.781533, 0.37472, -1e-06, -0.781534, 0.623863, 0.0, 0.0, 0.0, 0.0, 1.0],
                [1.0, -0.0, 1e-06, 0.0, -0.0, 0.700041, 0.714103, 0.37472, -1e-06, -0.714102, 0.700041, -0.0, 0.0, 0.0, 0.0, 1.0],
                [1.0, -0.0, 1e-06, -0.0, -0.0, 0.59252, 0.805557, 0.37472, -1e-06, -0.805555, 0.59252, 0.0, 0.0, 0.0, 0.0, 1.0],
                [1.0, -1e-06, 0.0, -0.0, -0.0, 0.293742, 0.955885, 0.37472, -1e-06, -0.955884, 0.293742, -0.0, 0.0, 0.0, 0.0, 1.0],
                [1.0, -1e-06, 1e-06, 0.0, -0.0, 0.548366, 0.836237, 0.37472, -1e-06, -0.836239, 0.548366, 0.0, 0.0, 0.0, 0.0, 1.0],
                [1.0, -1e-06, 1e-06, -0.0, -0.0, 0.461253, 0.887269, 0.37472, -1e-06, -0.887268, 0.461253, -0.0, 0.0, 0.0, 0.0, 1.0],
                [1.0, -0.0, 1e-06, -0.0, -0.0, 0.608818, 0.793311, 0.37472, -1e-06, -0.793309, 0.608818, 0.0, 0.0, 0.0, 0.0, 1.0],
                [1.0, -0.0, 1e-06, -0.0, -0.0, 0.640097, 0.768293, 0.37472, -1e-06, -0.768294, 0.640097, 0.0, 0.0, 0.0, 0.0, 1.0],
                [1.0, -0.0, 1e-06, 0.0, -0.0, 0.883257, 0.468887, 0.37472, -1e-06, -0.468888, 0.883257, -0.0, 0.0, 0.0, 0.0, 1.0],
                [1.0, -0.0, 1e-06, 0.0, -0.0, 0.719743, 0.694238, 0.37472, -1e-06, -0.694242, 0.719744, -0.0, 0.0, 0.0, 0.0, 1.0],
                [1.0, -1e-06, 0.0, -0.0, -0.0, 0.381256, 0.924468, 0.37472, -1e-06, -0.924472, 0.381258, 0.0, 0.0, 0.0, 0.0, 1.0],
                [1.0, -1e-06, 0.0, -0.0, -0.0, 0.369171, 0.929361, 0.37472, -1e-06, -0.929364, 0.369173, -0.0, 0.0, 0.0, 0.0, 1.0],
                [1.0, -1e-06, 1e-06, -0.0, -0.0, 0.394053, 0.919086, 0.37472, -1e-06, -0.91909, 0.394055, -0.0, 0.0, 0.0, 0.0, 1.0],
                [1.0, -1e-06, 1e-06, 0.0, -0.0, 0.473055, 0.881031, 0.37472, -1e-06, -0.881036, 0.473057, -0.0, 0.0, 0.0, 0.0, 1.0],
                [1.0, -0.0, 1e-06, -0.0, -0.0, 0.633517, 0.773727, 0.37472, -1e-06, -0.77373, 0.63352, -0.0, 0.0, 0.0, 0.0, 1.0],
                [1.0, -0.0, 1e-06, -0.0, -0.0, 0.54289, 0.839802, 0.37472, -1e-06, -0.839805, 0.542893, 0.0, 0.0, 0.0, 0.0, 1.0],
                [1.0, -1e-06, 0.0, -0.0, -0.0, 0.299989, 0.953942, 0.37472, -1e-06, -0.953945, 0.29999, 0.0, 0.0, 0.0, 0.0, 1.0],
                [1.0, -0.0, 0.0, -0.0, -0.0, 0.227122, 0.973866, 0.37472, -1e-06, -0.973868, 0.227123, 0.0, 0.0, 0.0, 0.0, 1.0],
                [1.0, -1e-06, 0.0, -0.0, -0.0, 0.318977, 0.947763, 0.37472, -1e-06, -0.947764, 0.318978, 0.0, 0.0, 0.0, 0.0, 1.0],
                [1.0, -0.0, 1e-06, -0.0, -0.0, 0.882453, 0.470399, 0.37472, -1e-06, -0.470399, 0.882455, -0.0, 0.0, 0.0, 0.0, 1.0]
            ]
        },
        {
            "name": "Knee_L",
            "time": [0.0, 0.05, 0.0833, 0.1333, 0.1667, 0.2, 0.2167, 0.25, 0.2833, 0.3333, 0.3833, 0.45, 0.5, 0.5333, 0.5833, 0.6333, 0.65, 0.6667, 0.6833, 0.7833, 1.0, 1.1667, 1.45, 1.75],
            "transform": [
                [1.0, 0.0, -0.0, 0.0, -0.0, 1e-06, -1.0, 0.425178, -0.0, 1.0, 1e-06, -0.0, 0.0, 0.0, 0.0, 1.0],
                [1.0, 0.0, -0.0, -0.0, -0.0, 1e-06, -1.0, 0.430449, -0.0, 1.0, 1e-06, -0.0, 0.0, 0.0, 0.0, 1.0],
                [1.0, 0.0, -0.0, -0.0, -0.0, 1e-06, -1.0, 0.432715, -0.0, 1.0, 1e-06, -0.0, 0.0, 0.0, 0.0, 1.0],
                [1.0, 0.0, -0.0, 0.0, -0.0, 1e-06, -1.0, 0.439044, -0.0, 1.0, 1e-06, -0.0, 0.0, 0.0, 0.0, 1.0],
                [1.0, 0.0, -0.0, 0.0, -0.0, 1e-06, -1.0, 0.413956, -0.0, 1.0, 1e-06, -0.0, 0.0, 0.0, 0.0, 1.0],
                [1.0, 0.0, -0.0, 0.0, -0.0, 1e-06, -1.0, 0.403265, -0.0, 1.0, 1e-06, 0.0, 0.0, 0.0, 0.0, 1.0],
                [1.0, 0.0, -0.0, -0.0, -0.0, 1e-06, -1.0, 0.418104, -0.0, 1.0, 1e-06, 0.0, 0.0, 0.0, 0.0, 1.0],
                [1.0, 0.0, -0.0, -0.0, -0.0, 1e-06, -1.0, 0.453403, -0.0, 1.0, 1e-06, -0.0, 0.0, 0.0, 0.0, 1.0],
                [1.0, 0.0, -0.0, -0.0, -0.0, 1e-06, -1.0, 0.423753, -0.0, 1.0, 1e-06, -0.0, 0.0, 0.0, 0.0, 1.0],
                [1.0, 0.0, -0.0, -0.0, -0.0, 1e-06, -1.0, 0.434362, -0.0, 1.0, 1e-06, -0.0, 0.0, 0.0, 0.0, 1.0],
                [1.0, 0.0, -0.0, -0.0, -0.0, 1e-06, -1.0, 0.415963, -0.0, 1.0, 1e-06, -0.0, 0.0, 0.0, 0.0, 1.0],
                [1.0, 0.0, -0.0, 0.0, -0.0, 1e-06, -1.0, 0.411755, -0.0, 1.0, 1e-06, 0.0, 0.0, 0.0, 0.0, 1.0],
                [1.0, 0.0, -0.0, 0.0, -0.0, 1e-06, -1.0, 0.37472, -0.0, 1.0, 1e-06, 0.0, 0.0, 0.0, 0.0, 1.0],
                [1.0, 0.0, -0.0, 0.0, -0.0, 1e-06, -1.0, 0.400326, -0.0, 1.0, 1e-06, -0.0, 0.0, 0.0, 0.0, 1.0],
                [1.0, -0.0, -0.0, -0.0, -0.0, 1e-06, -1.0, 0.443632, -0.0, 1.0, 1e-06, 0.0, 0.0, 0.0, 0.0, 1.0],
                [1.0, 0.0, -0.0, 0.0, -0.0, 1e-06, -1.0, 0.445002, -0.0, 1.0, 1e-06, -0.0, 0.0, 0.0, 0.0, 1.0],
                [1.0, 0.0, -0.0, -0.0, -0.0, 1e-06, -1.0, 0.442174, -0.0, 1.0, 1e-06, 0.0, 0.0, 0.0, 0.0, 1.0],
                [1.0, 0.0, -0.0, 0.0, -0.0, 1e-06, -1.0, 0.43296, -0.0, 1.0, 1e-06, -0.0, 0.0, 0.0, 0.0, 1.0],
                [1.0, 0.0, -0.0, 0.0, -0.0, 1e-06, -1.0, 0.412651, -0.0, 1.0, 1e-06, -0.0, 0.0, 0.0, 0.0, 1.0],
                [1.0, 0.0, -0.0, 0.0, -0.0, 1e-06, -1.0, 0.424439, -0.0, 1.0, 1e-06, 0.0, 0.0, 0.0, 0.0, 1.0],
                [1.0, -0.0, -0.0, 0.0, -0.0, 1e-06, -1.0, 0.452716, -0.0, 1.0, 1e-06, 0.0, 0.0, 0.0, 0.0, 1.0],
                [1.0, 0.0, -0.0, -0.0, -0.0, 1e-06, -1.0, 0.460653, -0.0, 1.0, 1e-06, 0.0, 0.0, 0.0, 0.0, 1.0],
                [1.0, 0.0, -0.0, -0.0, -0.0, 1e-06, -1.0, 0.450618, -0.0, 1.0, 1e-06, -0.0, 0.0, 0.0, 0.0, 1.0],
                [1.0, 0.0, -0.0, 0.0, -0.0, 1e-06, -1.0, 0.37472, -0.0, 1.0, 1e-06, -0.0, 0.0, 0.0, 0.0, 1.0]
            ]
        },
        {
            "name": "Torso",
            "time": [0.0, 0.05, 0.0833, 0.1333, 0.1667, 0.2, 0.2167, 0.25, 0.2833, 0.3333, 0.3833, 0.45, 0.5, 0.5333, 0.5833, 0.6333, 0.65, 0.6667, 0.6833, 0.7833, 1.0, 1.1667, 1.45, 1.75],
            "transform": [
                [0.986567, -0.039415, -0.158529, 0.0, 0.020031, 0.99232, -0.122062, 0.05, 0.162122, 0.117247, 0.97978, 0.0, 0.0, 0.0, 0.0, 1.0],
                [0.996468, -0.041339, -0.073088, 0.0, 0.034737, 0.99539, -0.089397, 0.05, 0.076447, 0.086543, 0.993311, -0.0, 0.0, 0.0, 0.0, 1.0],
                [0.9988, -0.046153, 0.016374, 0.0, 0.046976, 0.997432, -0.054059, 0.05, -0.013837, 0.054764, 0.998404, -0.0, 0.0, 0.0, 0.0, 1.0],
                [0.994088, -0.020809, 0.106564, -0.0, 0.024878, 0.999006, -0.036998, 0.05, -0.105689, 0.039431, 0.993617, 0.0, 0.0, 0.0, 0.0, 1.0],
                [0.982717, 0.026075, 0.183269, 0.0, -0.01995, 0.999182, -0.035185, 0.05, -0.184037, 0.03092, 0.982433, 0.0, 0.0, 0.0, 0.0, 1.0],
                [0.992561, 0.044694, 0.113245, 0.0, -0.038903, 0.997845, -0.052846, 0.05, -0.115363, 0.048047, 0.992161, 0.0, 0.0, 0.0, 0.0, 1.0],
                [0.997433, 0.048157, 0.052996, -0.0, -0.04459, 0.996786, -0.066558, 0.05, -0.056031, 0.064024, 0.996374, -0.0, 0.0, 0.0, 0.0, 1.0],
                [0.995636, 0.047304, -0.080444, 0.0, -0.05495, 0.993897, -0.095648, 0.05, 0.075429, 0.099651, 0.992159, -0.0, 0.0, 0.0, 0.0, 1.0],
                [0.986759, 0.042568, -0.156508, -0.0, -0.060519, 0.991888, -0.111785, 0.05, 0.15048, 0.119777, 0.98133, 0.0, 0.0, 0.0, 0.0, 1.0],
                [0.993311, -0.076762, 0.086256, -0.0, 0.084541, 0.992304, -0.090479, 0.05, -0.078646, 0.097166, 0.992156, -0.0, 0.0, 0.0, 0.0, 1.0],
                [0.926936, -0.196853, 0.319434, 0.0, 0.219128, 0.975069, -0.034975, 0.05, -0.304585, 0.102416, 0.946963, 0.0, 0.0, 0.0, 0.0, 1.0],
                [0.95276, -0.128057, 0.275408, -0.0, 0.142457, 0.989256, -0.032847, 0.05, -0.268242, 0.070529, 0.960766, -0.0, 0.0, 0.0, 0.0, 1.0],
                [0.997279, -0.050053, 0.054132, -0.0, 0.052315, 0.99778, -0.041212, 0.05, -0.051949, 0.043932, 0.997683, -0.0, 0.0, 0.0, 0.0, 1.0],
                [0.980624, -0.071883, -0.182235, -0.0, 0.059222, 0.995498, -0.074001, 0.05, 0.186734, 0.061775, 0.980466, 0.0, 0.0, 0.0, 0.0, 1.0],
                [0.884659, -0.182837, -0.428893, -0.0, 0.12903, 0.979981, -0.151621, 0.05, 0.448028, 0.078793, 0.890541, -0.0, 0.0, 0.0, 0.0, 1.0],
                [0.990081, 0.02678, -0.13792, -0.0, -0.031872, 0.998884, -0.034848, 0.05, 0.136833, 0.038898, 0.98983, -0.0, 0.0, 0.0, 0.0, 1.0],
                [0.97959, 0.200336, 0.016436, 0.0, -0.200927, 0.978243, 0.051662, 0.05, -0.005728, -0.05391, 0.998529, 0.0, 0.0, 0.0, 0.0, 1.0],
                [0.929287, 0.352, 0.111896, -0.0, -0.362611, 0.927078, 0.095077, 0.05, -0.070269, -0.128928, 0.989161, 0.0, 0.0, 0.0, 0.0, 1.0],
                [0.910859, 0.39726, 0.111896, -0.0, -0.40775, 0.90813, 0.095077, 0.05, -0.063845, -0.132227, 0.989161, -0.0, 0.0, 0.0, 0.0, 1.0],
                [0.937833, 0.341263, 0.063312, 0.0, -0.346088, 0.933268, 0.096088, 0.05, -0.026296, -0.112026, 0.993357, 0.0, 0.0, 0.0, 0.0, 1.0],
                [0.984355, 0.036138, -0.17245, 0.0, -0.028471, 0.998502, 0.046724, 0.05, 0.17388, -0.041083, 0.983909, -0.0, 0.0, 0.0, 0.0, 1.0],
                [0.922845, -0.138207, -0.359523, 0.0, 0.136379, 0.990185, -0.030579, 0.05, 0.36022, -0.020812, 0.932635, -0.0, 0.0, 0.0, 0.0, 1.0],
                [0.928919, -0.097179, -0.357303, 0.0, 0.078888, 0.994733, -0.065452, 0.05, 0.361781, 0.032612, 0.931692, 0.0, 0.0, 0.0, 0.0, 1.0],
                [0.932748, -0.045269, -0.357675, -0.0, 0.022166, 0.99741, -0.068432, 0.05, 0.359846, 0.055902, 0.931335, 0.0, 0.0, 0.0, 0.0, 1.0]
            ]
        },
        {
            "name": "Chest",
            "time": [0.0, 0.05, 0.0833, 0.1333, 0.1667, 0.2, 0.2167, 0.25, 0.2833, 0.3333, 0.3833, 0.45, 0.5, 0.5333, 0.5833, 0.6333, 0.65, 0.6667, 0.6833, 0.7833, 1.0, 1.1667, 1.45, 1.75],
            "transform": [
                [0.785136, -0.004193, 0.619309, 0.0, -0.076269, 0.991711, 0.103405, 0.3, -0.614609, -0.128422, 0.778308, 0.0, 0.0, 0.0, 0.0, 1.0],
                [0.785136, -0.004193, 0.619309, 0.0, -0.076269, 0.991711, 0.103405, 0.3, -0.614609, -0.128422, 0.778308, 0.0, 0.0, 0.0, 0.0, 1.0],
                [0.785136, -0.004193, 0.619309, 0.0, -0.076269, 0.991711, 0.103405, 0.3, -0.614609, -0.128422, 0.778308, 0.0, 0.0, 0.0, 0.0, 1.0],
                [0.785136, -0.004193, 0.619309, 0.0, -0.076269, 0.991711, 0.103405, 0.3, -0.614609, -0.128422, 0.778308, 0.0, 0.0, 0.0, 0.0, 1.0],
                [0.785136, -0.004193, 0.619309, -0.0, -0.076269, 0.991711, 0.103405, 0.3, -0.614609, -0.128422, 0.778308, -0.0, 0.0, 0.0, 0.0, 1.0],
                [0.850383, -0.01145, 0.52604, 0.0, -0.065577, 0.989662, 0.127551, 0.3, -0.522062, -0.142964, 0.84084, -0.0, 0.0, 0.0, 0.0, 1.0],
                [0.897773, -0.016325, 0.440155, -0.0, -0.054222, 0.987616, 0.147225, 0.3, -0.437108, -0.156041, 0.88577, -0.0, 0.0, 0.0, 0.0, 1.0],
                [0.97147, -0.022369, 0.236105, -0.0, -0.022616, 0.982267, 0.186119, 0.3, -0.236081, -0.186149, 0.953737, 0.0, 0.0, 0.0, 0.0, 1.0],
                [0.993229, -0.022803, 0.113917, 0.0, -0.001029, 0.978783, 0.204895, 0.3, -0.116173, -0.203625, 0.972132, 0.0, 0.0, 0.0, 0.0, 1.0],
                [0.977902, 0.113466, -0.175591, 0.0, -0.080215, 0.979259, 0.186059, 0.3, 0.193061, -0.167862, 0.966721, -0.0, 0.0, 0.0, 0.0, 1.0],
                [0.913282, 0.227239, -0.338051, -0.0, -0.17312, 0.96778, 0.182842, 0.3, 0.368708, -0.108462, 0.923196, 0.0, 0.0, 0.0, 0.0, 1.0],
                [0.920749, 0.198469, -0.335903, 0.0, -0.144228, 0.973107, 0.179616, 0.3, 0.362518, -0.116935, 0.924612, -0.0, 0.0, 0.0, 0.0, 1.0],
                [0.919789, -0.199274, -0.338051, -0.0, 0.271893, 0.944798, 0.182842, 0.3, 0.282954, -0.260089, 0.923196, 0.0, 0.0, 0.0, 0.0, 1.0],
                [0.894013, -0.00863, -0.447957, 0.0, 0.106227, 0.97539, 0.193212, 0.3, 0.435266, -0.220319, 0.872928, 0.0, 0.0, 0.0, 0.0, 1.0],
                [0.766198, -0.083279, -0.637185, -0.0, 0.251617, 0.951274, 0.178233, 0.3, 0.591295, -0.296889, 0.749819, -0.0, 0.0, 0.0, 0.0, 1.0],
                [0.985732, -0.069943, 0.153103, 0.0, 0.014685, 0.941846, 0.335725, 0.3, -0.167681, -0.328687, 0.929434, -0.0, 0.0, 0.0, 0.0, 1.0],
                [0.92057, 0.004387, 0.390553, 0.0, -0.161072, 0.915212, 0.369381, 0.3, -0.355819, -0.402949, 0.843223, -0.0, 0.0, 0.0, 0.0, 1.0],
                [0.837818, 0.050762, 0.543584, -0.0, -0.28824, 0.886718, 0.361454, 0.3, -0.463658, -0.459516, 0.75754, 0.0, 0.0, 0.0, 0.0, 1.0],
                [0.806604, 0.050762, 0.588908, -0.0, -0.307712, 0.886718, 0.345029, 0.3, -0.504681, -0.459516, 0.730851, -0.0, 0.0, 0.0, 0.0, 1.0],
                [0.834496, 0.053696, 0.548392, 0.0, -0.274929, 0.903081, 0.329938, 0.3, -0.477526, -0.426101, 0.768379, -0.0, 0.0, 0.0, 0.0, 1.0],
                [0.939329, 0.037812, 0.340928, 0.0, -0.12515, 0.963171, 0.23799, 0.3, -0.319373, -0.266218, 0.909466, 0.0, 0.0, 0.0, 0.0, 1.0],
                [0.971063, 0.016602, 0.238244, -0.0, -0.045561, 0.992137, 0.116566, 0.3, -0.234436, -0.124048, 0.964185, -0.0, 0.0, 0.0, 0.0, 1.0],
                [0.986503, 0.016484, 0.162911, 0.0, -0.036273, 0.992201, 0.119255, 0.3, -0.159674, -0.123555, 0.979407, 0.0, 0.0, 0.0, 0.0, 1.0],
                [0.988856, 0.016602, 0.147944, 0.0, -0.03465, 0.992137, 0.120262, 0.3, -0.144785, -0.124048, 0.981656, -0.0, 0.0, 0.0, 0.0, 1.0]
            ]
        },
        {
            "name": "Head",
            "time": [0.0, 0.05, 0.0833, 0.1333, 0.1667, 0.2, 0.2167, 0.25, 0.2833, 0.3333, 0.3833, 0.45, 0.5, 0.5333, 0.5833, 0.6333, 0.65, 0.6667, 0.6833, 0.7833, 1.0, 1.1667, 1.45, 1.75],
            "transform": [
                [0.35525, 0.042397, -0.933809, -0.0, -0.110823, 0.993836, 0.002961, 0.4, 0.928179, 0.102436, 0.357759, -0.0, 0.0, 0.0, 0.0, 1.0],
                [0.01033, 0.016226, -0.999815, -0.0, -0.082462, 0.996476, 0.01532, 0.4, 0.996541, 0.082288, 0.011631, -0.0, 0.0, 0.0, 0.0, 1.0],
                [-0.175849, -0.008607, -0.98438, 0.0, -0.051427, 0.998677, 0.000454, 0.4, 0.983073, 0.050703, -0.176059, 0.0, 0.0, 0.0, 0.0, 1.0],
                [0.360316, -0.04282, -0.931847, -0.0, -0.003894, 0.998868, -0.047405, 0.4, 0.932822, 0.02071, 0.359742, 0.0, 0.0, 0.0, 0.0, 1.0],
                [0.950012, -0.078883, -0.302085, 0.0, 0.065468, 0.996376, -0.054297, 0.4, 0.305273, 0.031806, 0.951733, 0.0, 0.0, 0.0, 0.0, 1.0],
                [0.980416, -0.10967, -0.163575, 0.0, 0.103084, 0.993502, -0.04825, 0.4, 0.167804, 0.030443, 0.98535, 0.0, 0.0, 0.0, 0.0, 1.0],
                [0.99212, -0.121341, -0.031207, 0.0, 0.120327, 0.992201, -0.032541, 0.4, 0.034912, 0.028529, 0.998983, 0.0, 0.0, 0.0, 0.0, 1.0],
                [0.64261, -0.154515, 0.750452, -0.0, 0.108746, 0.987932, 0.110292, 0.4, -0.758437, 0.010734, 0.651658, -0.0, 0.0, 0.0, 0.0, 1.0],
                [0.332349, -0.126258, 0.934668, 0.0, 0.056365, 0.991887, 0.113945, 0.4, -0.941471, 0.014813, 0.336769, 0.0, 0.0, 0.0, 0.0, 1.0],
                [0.332349, -0.153213, 0.930629, -0.0, 0.056365, 0.98818, 0.142559, 0.4, -0.941471, 0.005076, 0.337056, 0.0, 0.0, 0.0, 0.0, 1.0],
                [0.332349, -0.059422, 0.941283, 0.0, 0.056365, 0.997481, 0.043068, 0.4, -0.941471, 0.038742, 0.334861, -0.0, 0.0, 0.0, 0.0, 1.0],
                [0.590618, -0.125223, 0.797176, -0.0, 0.022524, 0.990059, 0.138835, 0.4, -0.806637, -0.064043, 0.587567, 0.0, 0.0, 0.0, 0.0, 1.0],
                [0.864679, -0.021326, 0.501872, -0.0, -0.024649, 0.996094, 0.084793, 0.4, -0.50172, -0.085689, 0.860776, -0.0, 0.0, 0.0, 0.0, 1.0],
                [0.856831, -0.093948, 0.506966, -0.0, 0.045231, 0.993165, 0.107603, 0.4, -0.513609, -0.069267, 0.855224, -0.0, 0.0, 0.0, 0.0, 1.0],
                [0.85333, -0.09891, 0.511904, 0.0, 0.022699, 0.987957, 0.153054, 0.4, -0.520878, -0.118986, 0.845298, 0.0, 0.0, 0.0, 0.0, 1.0],
                [0.831606, -0.006158, -0.555332, 0.0, 0.022141, 0.999511, 0.022072, 0.4, 0.554924, -0.030651, 0.831336, -0.0, 0.0, 0.0, 0.0, 1.0],
                [0.425731, -0.03743, -0.904075, 0.0, -0.020523, 0.998488, -0.051003, 0.4, 0.904617, 0.040268, 0.424319, 0.0, 0.0, 0.0, 0.0, 1.0],
                [0.167883, -0.069703, -0.98334, -0.0, -0.056088, 0.995206, -0.080119, 0.4, 0.98421, 0.068604, 0.163169, 0.0, 0.0, 0.0, 0.0, 1.0],
                [0.167883, -0.069703, -0.98334, 0.0, -0.056088, 0.995206, -0.080119, 0.4, 0.98421, 0.068604, 0.163169, 0.0, 0.0, 0.0, 0.0, 1.0],
                [0.223065, -0.062973, -0.972767, 0.0, -0.064213, 0.994795, -0.079123, 0.4, 0.972686, 0.080114, 0.21786, -0.0, 0.0, 0.0, 0.0, 1.0],
                [0.526177, -0.01139, -0.850299, 0.0, -0.111824, 0.990301, -0.082464, 0.4, 0.842991, 0.138474, 0.519799, 0.0, 0.0, 0.0, 0.0, 1.0],
                [0.741145, 0.046463, -0.669736, 0.0, -0.149924, 0.983863, -0.097653, 0.4, 0.654391, 0.172785, 0.736151, -0.0, 0.0, 0.0, 0.0, 1.0],
                [0.808648, 0.038171, -0.587053, -0.0, -0.080513, 0.995684, -0.046165, 0.4, 0.582757, 0.084597, 0.808231, 0.0, 0.0, 0.0, 0.0, 1.0],
                [0.814616, -0.005809, -0.579972, -0.0, -0.01684, 0.999291, -0.033662, 0.4, 0.579757, 0.037188, 0.813941, -0.0, 0.0, 0.0, 0.0, 1.0]
            ]
        },
        {
            "name": "Shoulder_R",
            "time": [0.0, 0.05, 0.0833, 0.1333, 0.1667, 0.2, 0.2167, 0.25, 0.2833, 0.3333, 0.3833, 0.45, 0.5, 0.5333, 0.5833, 0.6333, 0.65, 0.6667, 0.6833, 0.7833, 1.0, 1.1667, 1.45, 1.75],
            "transform": [
                [0.275882, 0.853627, 0.441824, -0.0, -0.075295, -0.439057, 0.895298, 0.4, 0.958237, -0.280264, -0.056854, -0.0, 0.0, 0.0, 0.0, 1.0],
                [0.244017, 0.863901, 0.440603, -0.0, -0.071478, -0.437079, 0.896578, 0.4, 0.967133, -0.250274, -0.044905, -0.0, 0.0, 0.0, 0.0, 1.0],
                [0.210645, 0.873491, 0.43891, 0.0, -0.0676, -0.434894, 0.897941, 0.4, 0.975222, -0.218817, -0.03256, 0.0, 0.0, 0.0, 0.0, 1.0],
                [0.159032, 0.932751, 0.323549, -0.0, -0.011518, -0.325944, 0.945319, 0.4, 0.987206, -0.154062, -0.041092, 0.0, 0.0, 0.0, 0.0, 1.0],
                [0.094408, 0.990631, 0.098674, 0.0, 0.065765, -0.105106, 0.992284, 0.4, 0.993359, -0.08719, -0.075071, 0.0, 0.0, 0.0, 0.0, 1.0],
                [0.202494, 0.976149, -0.078286, 0.0, 0.103625, 0.058135, 0.992916, 0.4, 0.973785, -0.209172, -0.089382, 0.0, 0.0, 0.0, 0.0, 1.0],
                [0.292623, 0.944177, -0.15133, 0.0, 0.121884, 0.120138, 0.985247, 0.4, 0.948428, -0.306751, -0.079925, 0.0, 0.0, 0.0, 0.0, 1.0],
                [0.481436, 0.838008, -0.256829, -0.0, 0.159907, 0.204126, 0.965796, 0.4, 0.861771, -0.506038, -0.03573, -0.0, 0.0, 0.0, 0.0, 1.0],
                [0.581719, 0.760375, -0.288846, 0.0, 0.177755, 0.227689, 0.957372, 0.4, 0.793729, -0.608266, -0.00271, 0.0, 0.0, 0.0, 0.0, 1.0],
                [0.30193, 0.90856, -0.288714, -0.0, 0.267743, 0.209844, 0.940361, 0.4, 0.91496, -0.361224, -0.179902, 0.0, 0.0, 0.0, 0.0, 1.0],
                [-0.015461, 0.999512, 0.027131, 0.0, 0.556631, -0.013937, 0.830643, 0.4, 0.830615, 0.027944, -0.556144, -0.0, 0.0, 0.0, 0.0, 1.0],
                [0.100824, 0.992718, -0.065916, -0.0, 0.539986, 0.001044, 0.841674, 0.4, 0.835613, -0.120454, -0.535948, 0.0, 0.0, 0.0, 0.0, 1.0],
                [0.285248, 0.93506, -0.210466, -0.0, 0.521477, 0.032833, 0.852633, 0.4, 0.804173, -0.352965, -0.478247, -0.0, 0.0, 0.0, 0.0, 1.0],
                [0.346756, 0.930135, 0.120867, -0.0, 0.641297, -0.329143, 0.693111, 0.4, 0.68447, -0.162828, -0.710625, -0.0, 0.0, 0.0, 0.0, 1.0],
                [0.248914, 0.959073, 0.134988, 0.0, 0.490698, -0.245042, 0.836164, 0.4, 0.835019, -0.141894, -0.531609, 0.0, 0.0, 0.0, 0.0, 1.0],
                [0.15515, 0.981088, 0.115737, 0.0, 0.813194, -0.193356, 0.548934, 0.4, 0.560931, 0.00895, -0.827814, -0.0, 0.0, 0.0, 0.0, 1.0],
                [0.201935, 0.975412, 0.088283, 0.0, 0.813667, -0.217253, 0.53921, 0.4, 0.545131, -0.037052, -0.837531, 0.0, 0.0, 0.0, 0.0, 1.0],
                [0.328171, 0.944408, 0.019928, -0.0, 0.779031, -0.282515, 0.559728, 0.4, 0.534242, -0.168162, -0.828436, 0.0, 0.0, 0.0, 0.0, 1.0],
                [0.478033, 0.863597, -0.160266, 0.0, 0.731263, -0.290228, 0.61727, 0.4, 0.486559, -0.412272, -0.770255, 0.0, 0.0, 0.0, 0.0, 1.0],
                [0.44215, 0.889259, -0.117141, 0.0, 0.743216, -0.290119, 0.602877, 0.4, 0.502129, -0.353623, -0.789187, -0.0, 0.0, 0.0, 0.0, 1.0],
