{
    "animation": [
        {
            "name": "Root",
            "time": [0.0, 0.0333, 0.1167, 0.1833, 0.2, 0.2167, 0.2333, 0.25, 0.2667, 0.45, 0.6167, 0.7333, 0.9, 1.05],
            "transform": [
                [0.949015, 0.0, 0.31523, 0.048562, 0.31523, 0.0, -0.949015, -0.008519, 0.0, 1.0, 0.0, 0.672441, 0.0, 0.0, 0.0, 1.0],
                [0.949015, 0.0, 0.31523, 0.086103, 0.31523, 0.0, -0.949015, -0.008519, 0.0, 1.0, 0.0, 0.593552, 0.0, 0.0, 0.0, 1.0],
                [0.949015, 0.0, 0.31523, 0.124289, 0.31523, 0.0, -0.949015, -0.008519, 0.0, 1.0, 0.0, 0.446786, 0.0, 0.0, 0.0, 1.0],
                [0.998545, 0.0, -0.053927, 0.352437, -0.053927, 0.0, -0.998545, 0.117159, 0.0, 1.0, 0.0, 0.30561, 0.0, 0.0, 0.0, 1.0],
                [0.99866, 0.0, -0.051759, 0.347772, -0.051759, 0.0, -0.99866, 0.155385, 0.0, 1.0, 0.0, 0.312527, 0.0, 0.0, 0.0, 1.0],
                [0.998932, 0.0, -0.04621, 0.335801, -0.04621, 0.0, -0.998932, 0.19715, 0.0, 1.0, 0.0, 0.33028, 0.0, 0.0, 0.0, 1.0],
                [0.999259, 0.0, -0.038496, 0.319166, -0.038496, 0.0, -0.999259, 0.240659, 0.0, 1.0, 0.0, 0.35495, 0.0, 0.0, 0.0, 1.0],
                [0.999259, 0.0, -0.038496, 0.319166, -0.038496, 0.0, -0.999259, 0.240659, 0.0, 1.0, 0.0, 0.35495, 0.0, 0.0, 0.0, 1.0],
                [0.999259, 0.0, -0.038496, 0.247046, -0.038496, 0.0, -0.999259, 0.315553, 0.0, 1.0, 0.0, 0.429462, 0.0, 0.0, 0.0, 1.0],
                [1.0, 0.0, 0.000969, 0.247046, 0.000969, 0.0, -1.0, 0.315553, 0.0, 1.0, 0.0, 0.429462, 0.0, 0.0, 0.0, 1.0],
                [0.995714, 0.0, 0.092488, 0.262223, 0.092488, 0.0, -0.995714, 0.299553, 0.0, 1.0, 0.0, 0.47463, 0.0, 0.0, 0.0, 1.0],
                [0.985009, 0.0, 0.172505, 0.356988, 0.172505, 0.0, -0.985009, 0.282871, 0.0, 1.0, 0.0, 0.607491, 0.0, 0.0, 0.0, 1.0],
                [0.961432, 0.0, 0.275042, 0.429188, 0.275042, 0.0, -0.961432, 0.327571, 0.0, 1.0, 0.0, 0.685942, 0.0, 0.0, 0.0, 1.0],
                [0.949015, 0.0, 0.31523, 0.446082, 0.31523, 0.0, -0.949015, 0.365175, 0.0, 1.0, 0.0, 0.695179, 0.0, 0.0, 0.0, 1.0]
            ]
        },
        {
            "name": "Thigh_R",
            "time": [0.0, 0.0333, 0.1167, 0.1833, 0.2, 0.2167, 0.2333, 0.25, 0.2667, 0.45, 0.6167, 0.7333, 0.9, 1.05],
            "transform": [
                [0.992896, 0.063672, 0.100509, 0.124994, -0.035393, -0.648429, 0.760451, -0.002831, 0.113596, -0.758604, -0.64157, -1.2e-05, 0.0, 0.0, 0.0, 1.0],
                [0.903, 0.4296, -0.00559, 0.124994, 0.230118, -0.472623, 0.85069, -0.002831, 0.362817, -0.769458, -0.525638, -1.2e-05, 0.0, 0.0, 0.0, 1.0],
                [0.652363, 0.754108, -0.075763, 0.124994, 0.487706, -0.341169, 0.803583, -0.002831, 0.580142, -0.561177, -0.590351, -1.2e-05, 0.0, 0.0, 0.0, 1.0],
                [0.814639, 0.579876, 0.010014, 0.124994, -0.144553, 0.186293, 0.971801, -0.002831, 0.561664, -0.793116, 0.235586, -1.2e-05, 0.0, 0.0, 0.0, 1.0],
                [0.8048, 0.592309, -0.038237, 0.124994, -0.080512, 0.172768, 0.981666, -0.002831, 0.58806, -0.786967, 0.186732, -1.2e-05, 0.0, 0.0, 0.0, 1.0],
                [0.794282, 0.598464, -0.10465, 0.124994, 0.036558, 0.124857, 0.991501, -0.002831, 0.606447, -0.791358, 0.077293, -1.2e-05, 0.0, 0.0, 0.0, 1.0],
                [0.774275, 0.612747, -0.158224, 0.124994, 0.167773, 0.042326, 0.984916, -0.002831, 0.610204, -0.789142, -0.070031, -1.2e-05, 0.0, 0.0, 0.0, 1.0],
                [0.774275, 0.612747, -0.158224, 0.124994, 0.167773, 0.042326, 0.984916, -0.002831, 0.610204, -0.789142, -0.070031, -1.2e-05, 0.0, 0.0, 0.0, 1.0],
                [0.696322, 0.7126, -0.085627, 0.124994, 0.306322, -0.187174, 0.933345, -0.002831, 0.649077, -0.676137, -0.348621, -1.2e-05, 0.0, 0.0, 0.0, 1.0],
                [0.695748, 0.710468, -0.105664, 0.124994, 0.34789, -0.204609, 0.914935, -0.002831, 0.628415, -0.673324, -0.389523, -1.2e-05, 0.0, 0.0, 0.0, 1.0],
                [0.726777, 0.686859, -0.003952, 0.124994, 0.307294, -0.319996, 0.896199, -0.002831, 0.6143, -0.65255, -0.443636, -1.2e-05, 0.0, 0.0, 0.0, 1.0],
                [0.823591, 0.519648, 0.227287, 0.124994, 0.196459, -0.637287, 0.745163, -0.002831, 0.532073, -0.569056, -0.626956, -1.2e-05, 0.0, 0.0, 0.0, 1.0],
                [0.933017, 0.290067, 0.212927, 0.124994, 0.119118, -0.807359, 0.577911, -0.002831, 0.339544, -0.513836, -0.787834, -1.2e-05, 0.0, 0.0, 0.0, 1.0],
                [0.964728, 0.218198, 0.147263, 0.124994, 0.100133, -0.821531, 0.5613, -0.002831, 0.243459, -0.526755, -0.814405, -1.2e-05, 0.0, 0.0, 0.0, 1.0]
            ]
        },
        {
            "name": "Leg_R",
            "time": [0.0, 0.0333, 0.1167, 0.1833, 0.2, 0.2167, 0.2333, 0.25, 0.2667, 0.45, 0.6167, 0.7333, 0.9, 1.05],
            "transform": [
                [1.0, -0.0, 1e-06, -0.0, -0.0, 0.638448, 0.769667, 0.37472, -1e-06, -0.769666, 0.638446, -0.0, 0.0, 0.0, 0.0, 1.0],
                [1.0, -1e-06, 1e-06, 0.0, -0.0, 0.365673, 0.930745, 0.37472, -1e-06, -0.930742, 0.365672, 0.0, 0.0, 0.0, 0.0, 1.0],
                [1.0, -0.0, 1e-06, 0.0, -0.0, 0.6335, 0.773744, 0.37472, -1e-06, -0.773742, 0.633499, -0.0, 0.0, 0.0, 0.0, 1.0],
                [1.0, -1e-06, 0.0, 0.0, -0.0, -0.23129, 0.972886, 0.37472, -1e-06, -0.972884, -0.231291, -0.0, 0.0, 0.0, 0.0, 1.0],
                [1.0, -1e-06, -0.0, -0.0, -0.0, -0.252613, 0.967568, 0.37472, -1e-06, -0.967566, -0.252614, 0.0, 0.0, 0.0, 0.0, 1.0],
                [1.0, -1e-06, 0.0, -0.0, -0.0, -0.236249, 0.971694, 0.37472, -1e-06, -0.971691, -0.23625, -0.0, 0.0, 0.0, 0.0, 1.0],
                [1.0, -1e-06, 0.0, -0.0, -0.0, -0.180931, 0.983497, 0.37472, -1e-06, -0.983494, -0.180933, 0.0, 0.0, 0.0, 0.0, 1.0],
                [1.0, -1e-06, 0.0, -0.0, -0.0, -0.180931, 0.983497, 0.37472, -1e-06, -0.983494, -0.180933, 0.0, 0.0, 0.0, 0.0, 1.0],
                [1.0, -1e-06, 0.0, 0.0, -0.0, 0.083551, 0.996506, 0.37472, -1e-06, -0.996502, 0.083549, 0.0, 0.0, 0.0, 0.0, 1.0],
                [1.0, -1e-06, 0.0, 0.0, -0.0, 0.078609, 0.996907, 0.37472, -1e-06, -0.996905, 0.078608, -0.0, 0.0, 0.0, 0.0, 1.0],
                [1.0, -1e-06, 0.0, -0.0, -0.0, 0.124689, 0.992198, 0.37472, -1e-06, -0.992195, 0.124687, 0.0, 0.0, 0.0, 0.0, 1.0],
                [1.0, -0.0, 1e-06, 0.0, -0.0, 0.49511, 0.868833, 0.37472, -1e-06, -0.86883, 0.495108, -0.0, 0.0, 0.0, 0.0, 1.0],
                [1.0, -0.0, 1e-06, 0.0, -0.0, 0.772904, 0.634525, 0.37472, -1e-06, -0.634524, 0.772902, 0.0, 0.0, 0.0, 0.0, 1.0],
                [1.0, -0.0, 1e-06, 0.0, -0.0, 0.818376, 0.574685, 0.37472, -1e-06, -0.574685, 0.818375, 0.0, 0.0, 0.0, 0.0, 1.0]
            ]
        },
        {
            "name": "Knee_R",
            "time": [0.0, 0.0333, 0.1167, 0.1833, 0.2, 0.2167, 0.2333, 0.25, 0.2667, 0.45, 0.6167, 0.7333, 0.9, 1.05],
            "transform": [
                [1.0, 0.0, -0.0, 0.0, -0.0, 1e-06, -1.0, 0.411981, -0.0, 1.0, 1e-06, -0.0, 0.0, 0.0, 0.0, 1.0],
                [1.0, 0.0, -0.0, -0.0, -0.0, 1e-06, -1.0, 0.445397, 0.0, 1.0, 1e-06, 0.0, 0.0, 0.0, 0.0, 1.0],
                [1.0, 0.0, -0.0, -0.0, -0.0, 1e-06, -1.0, 0.412654, -0.0, 1.0, 1e-06, -0.0, 0.0, 0.0, 0.0, 1.0],
                [1.0, 0.0, -0.0, -0.0, -0.0, 1e-06, -1.0, 0.48472, -0.0, 1.0, 1e-06, -0.0, 0.0, 0.0, 0.0, 1.0],
                [1.0, 0.0, -0.0, -0.0, -0.0, 1e-06, -1.0, 0.48472, -0.0, 1.0, 1e-06, -0.0, 0.0, 0.0, 0.0, 1.0],
                [1.0, 0.0, -0.0, 0.0, -0.0, 1e-06, -1.0, 0.48472, -0.0, 1.0, 1e-06, -0.0, 0.0, 0.0, 0.0, 1.0],
                [1.0, 0.0, -0.0, 0.0, -0.0, 1e-06, -1.0, 0.48472, -0.0, 1.0, 1e-06, -0.0, 0.0, 0.0, 0.0, 1.0],
                [1.0, 0.0, -0.0, 0.0, -0.0, 1e-06, -1.0, 0.48472, -0.0, 1.0, 1e-06, -0.0, 0.0, 0.0, 0.0, 1.0],
                [1.0, 0.0, -0.0, 0.0, -0.0, 1e-06, -1.0, 0.475934, -0.0, 1.0, 1e-06, 0.0, 0.0, 0.0, 0.0, 1.0],
                [1.0, 0.0, -0.0, 0.0, -0.0, 1e-06, -1.0, 0.476454, -0.0, 1.0, 1e-06, -0.0, 0.0, 0.0, 0.0, 1.0],
                [1.0, 0.0, -0.0, -0.0, -0.0, 1e-06, -1.0, 0.471589, -0.0, 1.0, 1e-06, -0.0, 0.0, 0.0, 0.0, 1.0],
                [1.0, 0.0, -0.0, -0.0, -0.0, 1e-06, -1.0, 0.430312, -0.0, 1.0, 1e-06, -0.0, 0.0, 0.0, 0.0, 1.0],
                [1.0, 0.0, -0.0, 0.0, -0.0, 1e-06, -1.0, 0.391925, -0.0, 1.0, 1e-06, 0.0, 0.0, 0.0, 0.0, 1.0],
                [1.0, 0.0, -0.0, -0.0, -0.0, 1e-06, -1.0, 0.384029, -0.0, 1.0, 1e-06, -0.0, 0.0, 0.0, 0.0, 1.0]
            ]
        },
        {
            "name": "Thigh_L",
            "time": [0.0, 0.0333, 0.1167, 0.1833, 0.2, 0.2167, 0.2333, 0.25, 0.2667, 0.45, 0.6167, 0.7333, 0.9, 1.05],
            "transform": [
                [0.769212, -0.493173, -0.406317, -0.125006, -0.361677, -0.860238, 0.359415, -0.002831, -0.526783, -0.129504, -0.840075, -1.2e-05, 0.0, 0.0, 0.0, 1.0],
                [0.335547, -0.787086, -0.51759, -0.125006, -0.308319, -0.610946, 0.729167, -0.002831, -0.890138, -0.08508, -0.447677, -1.2e-05, 0.0, 0.0, 0.0, 1.0],
                [0.20442, -0.963575, -0.172435, -0.125006, -0.330066, -0.233694, 0.914572, -0.002831, -0.921557, -0.130037, -0.365818, -1.2e-05, 0.0, 0.0, 0.0, 1.0],
                [0.262849, -0.938103, -0.225551, -0.125006, -0.909844, -0.318795, 0.265619, -0.002831, -0.32108, 0.135402, -0.937321, -1.2e-05, 0.0, 0.0, 0.0, 1.0],
                [0.320401, -0.898616, -0.299723, -0.125006, -0.913657, -0.376703, 0.152724, -0.002831, -0.250143, 0.224914, -0.941721, -1.2e-05, 0.0, 0.0, 0.0, 1.0],
                [0.461812, -0.818849, -0.340909, -0.125006, -0.879963, -0.471207, -0.060224, -0.002831, -0.11132, 0.327802, -0.938163, -1.2e-05, 0.0, 0.0, 0.0, 1.0],
                [0.520842, -0.730523, -0.441659, -0.125006, -0.849021, -0.497114, -0.178993, -0.002831, -0.088792, 0.468206, -0.879144, -1.2e-05, 0.0, 0.0, 0.0, 1.0],
                [0.520842, -0.730523, -0.441659, -0.125006, -0.849021, -0.497114, -0.178993, -0.002831, -0.088792, 0.468206, -0.879144, -1.2e-05, 0.0, 0.0, 0.0, 1.0],
                [0.794703, -0.57852, -0.183751, -0.125006, -0.596987, -0.690181, -0.408969, -0.002831, 0.109779, 0.434706, -0.893854, -1.2e-05, 0.0, 0.0, 0.0, 1.0],
                [0.713792, -0.643144, -0.277253, -0.125006, -0.700322, -0.659331, -0.273549, -0.002831, -0.006866, 0.389424, -0.92103, -1.2e-05, 0.0, 0.0, 0.0, 1.0],
                [0.664451, -0.699678, -0.2626, -0.125006, -0.723171, -0.690593, 0.010202, -0.002831, -0.188484, 0.183129, -0.964849, -1.2e-05, 0.0, 0.0, 0.0, 1.0],
                [0.800717, -0.589185, -0.108245, -0.125006, -0.461608, -0.722025, 0.51536, -0.002831, -0.381795, -0.362687, -0.850109, -1.2e-05, 0.0, 0.0, 0.0, 1.0],
                [0.645923, -0.590603, -0.483707, -0.125006, -0.312519, -0.782666, 0.538298, -0.002831, -0.696501, -0.196524, -0.690116, -1.2e-05, 0.0, 0.0, 0.0, 1.0],
                [0.476442, -0.488519, -0.730993, -0.125006, -0.28262, -0.872397, 0.39881, -0.002831, -0.832542, 0.016591, -0.553712, -1.2e-05, 0.0, 0.0, 0.0, 1.0]
            ]
        },
        {
            "name": "Leg_L",
            "time": [0.0, 0.0333, 0.1167, 0.1833, 0.2, 0.2167, 0.2333, 0.25, 0.2667, 0.45, 0.6167, 0.7333, 0.9, 1.05],
            "transform": [
                [1.0, -0.0, 1e-06, 0.0, -0.0, 0.779217, 0.626753, 0.37472, -1e-06, -0.626754, 0.77922, -0.0, 0.0, 0.0, 0.0, 1.0],
                [1.0, -1e-06, 1e-06, -0.0, -0.0, 0.486717, 0.873561, 0.37472, -1e-06, -0.873561, 0.486719, 0.0, 0.0, 0.0, 0.0, 1.0],
                [1.0, -1e-06, 0.0, 0.0, -0.0, 0.024549, 0.999698, 0.37472, -1e-06, -0.9997, 0.02455, 0.0, 0.0, 0.0, 0.0, 1.0],
                [1.0, -0.0, 1e-06, -0.0, -0.0, 0.52583, 0.850588, 0.37472, -1e-06, -0.850591, 0.525832, 0.0, 0.0, 0.0, 0.0, 1.0],
                [1.0, -0.0, 1e-06, 0.0, -0.0, 0.622981, 0.782235, 0.37472, -1e-06, -0.782239, 0.622983, -0.0, 0.0, 0.0, 0.0, 1.0],
                [1.0, -0.0, 1e-06, 0.0, -0.0, 0.73789, 0.674917, 0.37472, -1e-06, -0.674922, 0.737892, -0.0, 0.0, 0.0, 0.0, 1.0],
                [1.0, -0.0, 1e-06, 0.0, -0.0, 0.873319, 0.487147, 0.37472, -1e-06, -0.48715, 0.873319, -0.0, 0.0, 0.0, 0.0, 1.0],
                [1.0, -0.0, 1e-06, 0.0, -0.0, 0.873319, 0.487147, 0.37472, -1e-06, -0.48715, 0.873319, -0.0, 0.0, 0.0, 0.0, 1.0],
                [1.0, -0.0, 1e-06, -0.0, -0.0, 0.83611, 0.548558, 0.37472, -1e-06, -0.548562, 0.836111, -0.0, 0.0, 0.0, 0.0, 1.0],
                [1.0, -0.0, 1e-06, -0.0, -0.0, 0.819495, 0.573084, 0.37472, -1e-06, -0.573087, 0.819495, 0.0, 0.0, 0.0, 0.0, 1.0],
                [1.0, -0.0, 1e-06, -0.0, -0.0, 0.689842, 0.723957, 0.37472, -1e-06, -0.723962, 0.689844, -0.0, 0.0, 0.0, 0.0, 1.0],
                [1.0, -1e-06, 1e-06, -0.0, -0.0, 0.395875, 0.918304, 0.37472, -1e-06, -0.918306, 0.395876, -0.0, 0.0, 0.0, 0.0, 1.0],
                [1.0, -0.0, 1e-06, 0.0, -0.0, 0.555647, 0.831417, 0.37472, -1e-06, -0.83142, 0.555649, 0.0, 0.0, 0.0, 0.0, 1.0],
                [1.0, -0.0, 1e-06, -0.0, -0.0, 0.821451, 0.570277, 0.37472, -1e-06, -0.570279, 0.821453, 0.0, 0.0, 0.0, 0.0, 1.0]
            ]
        },
        {
            "name": "Knee_L",
            "time": [0.0, 0.0333, 0.1167, 0.1833, 0.2, 0.2167, 0.2333, 0.25, 0.2667, 0.45, 0.6167, 0.7333, 0.9, 1.05],
            "transform": [
                [1.0, 0.0, -0.0, 0.0, -0.0, 1e-06, -1.0, 0.390874, -0.0, 1.0, 1e-06, -0.0, 0.0, 0.0, 0.0, 1.0],
                [1.0, 0.0, -0.0, 0.0, -0.0, 1e-06, -1.0, 0.431324, -0.0, 1.0, 1e-06, 0.0, 0.0, 0.0, 0.0, 1.0],
                [1.0, 0.0, -0.0, 0.0, -0.0, 1e-06, -1.0, 0.482141, 0.0, 1.0, 1e-06, -0.0, 0.0, 0.0, 0.0, 1.0],
                [1.0, 0.0, -0.0, -0.0, -0.0, 1e-06, -1.0, 0.426559, -0.0, 1.0, 1e-06, -0.0, 0.0, 0.0, 0.0, 1.0],
                [1.0, 0.0, -0.0, 0.0, -0.0, 1e-06, -1.0, 0.414074, -0.0, 1.0, 1e-06, -0.0, 0.0, 0.0, 0.0, 1.0],
                [1.0, 0.0, -0.0, 0.0, -0.0, 1e-06, -1.0, 0.397541, -0.0, 1.0, 1e-06, -0.0, 0.0, 0.0, 0.0, 1.0],
                [1.0, 0.0, -0.0, 0.0, -0.0, 1e-06, -1.0, 0.37472, -0.0, 1.0, 1e-06, -0.0, 0.0, 0.0, 0.0, 1.0],
                [1.0, 0.0, -0.0, 0.0, -0.0, 1e-06, -1.0, 0.37472, -0.0, 1.0, 1e-06, -0.0, 0.0, 0.0, 0.0, 1.0],
                [1.0, 0.0, -0.0, -0.0, -0.0, 1e-06, -1.0, 0.380712, -0.0, 1.0, 1e-06, 0.0, 0.0, 0.0, 0.0, 1.0],
                [1.0, 0.0, -0.0, -0.0, -0.0, 1e-06, -1.0, 0.383824, -0.0, 1.0, 1e-06, -0.0, 0.0, 0.0, 0.0, 1.0],
                [1.0, 0.0, -0.0, -0.0, -0.0, 1e-06, -1.0, 0.404754, -0.0, 1.0, 1e-06, -0.0, 0.0, 0.0, 0.0, 1.0],
                [1.0, 0.0, -0.0, 0.0, -0.0, 1e-06, -1.0, 0.441966, -0.0, 1.0, 1e-06, -0.0, 0.0, 0.0, 0.0, 1.0],
                [1.0, 0.0, -0.0, 0.0, -0.0, 1e-06, -1.0, 0.422835, -0.0, 1.0, 1e-06, -0.0, 0.0, 0.0, 0.0, 1.0],
                [1.0, 0.0, -0.0, 0.0, -0.0, 1e-06, -1.0, 0.383464, -0.0, 1.0, 1e-06, 0.0, 0.0, 0.0, 0.0, 1.0]
            ]
        },
        {
            "name": "Torso",
            "time": [0.0, 0.0333, 0.1167, 0.1833, 0.2, 0.2167, 0.2333, 0.25, 0.2667, 0.45, 0.6167, 0.7333, 0.9, 1.05],
            "transform": [
                [0.842933, 0.072414, 0.533124, 0.0, -0.026711, 0.995312, -0.09296, 0.05, -0.537356, 0.064119, 0.840915, 0.0, 0.0, 0.0, 0.0, 1.0],
                [0.842933, 0.072414, 0.533124, 0.0, -0.026711, 0.995312, -0.09296, 0.05, -0.537356, 0.064119, 0.840915, -0.0, 0.0, 0.0, 0.0, 1.0],
                [0.839339, 0.024909, 0.543038, 0.0, -0.11657, 0.983959, 0.13504, 0.05, -0.530963, -0.176646, 0.828779, 0.0, 0.0, 0.0, 0.0, 1.0],
                [0.927063, 0.333416, 0.171429, 0.0, -0.372468, 0.871171, 0.31989, 0.05, -0.042687, -0.36041, 0.931817, 0.0, 0.0, 0.0, 0.0, 1.0],
                [0.942965, 0.318215, -0.097752, 0.0, -0.28591, 0.924583, 0.251797, 0.05, 0.170506, -0.209488, 0.962831, -0.0, 0.0, 0.0, 0.0, 1.0],
                [0.879307, 0.203719, -0.430485, 0.0, -0.153761, 0.976925, 0.14824, 0.05, 0.450751, -0.064157, 0.890341, -0.0, 0.0, 0.0, 0.0, 1.0],
                [0.692039, 0.098723, -0.715077, 0.0, 0.030896, 0.985645, 0.165979, 0.05, 0.721198, -0.136957, 0.679055, 0.0, 0.0, 0.0, 0.0, 1.0],
                [0.692039, 0.098723, -0.715077, 0.0, 0.030896, 0.985645, 0.165979, 0.05, 0.721198, -0.136957, 0.679055, 0.0, 0.0, 0.0, 0.0, 1.0],
                [0.6148, 0.093156, -0.783162, -0.0, 0.167181, 0.955041, 0.244842, 0.05, 0.770761, -0.281459, 0.571585, 0.0, 0.0, 0.0, 0.0, 1.0],
                [0.658305, 0.093156, -0.746965, -0.0, 0.153, 0.955041, 0.253946, 0.05, 0.737039, -0.281459, 0.614455, -0.0, 0.0, 0.0, 0.0, 1.0],
                [0.853987, 0.05357, -0.51753, -0.0, 0.087339, 0.965811, 0.244092, 0.05, 0.512912, -0.253652, 0.820111, 0.0, 0.0, 0.0, 0.0, 1.0],
                [0.984869, 0.013226, -0.172798, -0.0, 0.01983, 0.981934, 0.188181, 0.05, 0.172165, -0.18876, 0.966814, 0.0, 0.0, 0.0, 0.0, 1.0],
                [0.93621, 0.002325, 0.351434, -0.0, -0.027578, 0.997381, 0.06687, 0.05, -0.350358, -0.072296, 0.933822, -0.0, 0.0, 0.0, 0.0, 1.0],
                [0.842933, 0.015171, 0.537805, 0.0, -0.026711, 0.99955, 0.013669, 0.05, -0.537356, -0.025888, 0.842958, 0.0, 0.0, 0.0, 0.0, 1.0]
            ]
        },
        {
            "name": "Chest",
            "time": [0.0, 0.0333, 0.1167, 0.1833, 0.2, 0.2167, 0.2333, 0.25, 0.2667, 0.45, 0.6167, 0.7333, 0.9, 1.05],
            "transform": [
                [0.968917, -0.084256, 0.232595, -0.0, 0.023283, 0.967098, 0.253335, 0.3, -0.246287, -0.240045, 0.939, 0.0, 0.0, 0.0, 0.0, 1.0],
                [0.968917, -0.084256, 0.232595, 0.0, 0.023283, 0.967098, 0.253335, 0.3, -0.246287, -0.240045, 0.939, 0.0, 0.0, 0.0, 0.0, 1.0],
                [0.939716, -0.248884, 0.2345, 0.0, 0.190299, 0.950382, 0.246092, 0.3, -0.284113, -0.186631, 0.940451, -0.0, 0.0, 0.0, 0.0, 1.0],
                [0.94823, -0.252377, 0.192786, -0.0, 0.155235, 0.897902, 0.411915, 0.3, -0.27706, -0.360663, 0.890595, 0.0, 0.0, 0.0, 0.0, 1.0],
                [0.973354, -0.208978, 0.094391, -0.0, 0.164397, 0.922933, 0.348092, 0.3, -0.15986, -0.323299, 0.932696, 0.0, 0.0, 0.0, 0.0, 1.0],
                [0.977831, -0.120529, -0.171231, 0.0, 0.163968, 0.949329, 0.268123, 0.3, 0.130238, -0.290255, 0.948045, 0.0, 0.0, 0.0, 0.0, 1.0],
                [0.852222, 0.023365, -0.522658, -0.0, 0.166546, 0.934917, 0.313357, 0.3, 0.495963, -0.354096, 0.792866, 0.0, 0.0, 0.0, 0.0, 1.0],
                [0.852222, 0.023365, -0.522658, -0.0, 0.166546, 0.934917, 0.313357, 0.3, 0.495963, -0.354096, 0.792866, 0.0, 0.0, 0.0, 0.0, 1.0],
                [0.625843, 0.023365, -0.779599, 0.0, 0.262525, 0.934917, 0.238769, 0.3, 0.734439, -0.354096, 0.578978, 0.0, 0.0, 0.0, 0.0, 1.0],
                [0.663447, 0.023365, -0.747858, 0.0, 0.250458, 0.934917, 0.251397, 0.3, 0.705059, -0.354096, 0.614416, 0.0, 0.0, 0.0, 0.0, 1.0],
                [0.803306, 0.001019, -0.595566, -0.0, 0.179102, 0.953296, 0.243205, 0.3, 0.567998, -0.302035, 0.765606, 0.0, 0.0, 0.0, 0.0, 1.0],
                [0.912611, -0.017042, -0.408474, -0.0, 0.104869, 0.97546, 0.193598, 0.3, 0.395151, -0.219516, 0.892002, -0.0, 0.0, 0.0, 0.0, 1.0],
                [0.992664, -0.012635, -0.120241, -0.0, 0.023293, 0.995879, 0.087644, 0.3, 0.118638, -0.089802, 0.988868, 0.0, 0.0, 0.0, 0.0, 1.0],
                [1.0, 0.0, -0.0, -0.0, -0.0, 0.999359, 0.035795, 0.3, 0.0, -0.035795, 0.999359, 0.0, 0.0, 0.0, 0.0, 1.0]
            ]
        },
        {
            "name": "Head",
            "time": [0.0, 0.0333, 0.1167, 0.1833, 0.2, 0.2167, 0.2333, 0.25, 0.2667, 0.45, 0.6167, 0.7333, 0.9, 1.05],
            "transform": [
                [0.411975, 0.020819, -0.910957, -0.0, -0.141248, 0.989114, -0.041273, 0.4, 0.900181, 0.145674, 0.410431, -0.0, 0.0, 0.0, 0.0, 1.0],
                [0.411975, 0.020819, -0.910957, -0.0, -0.141248, 0.989114, -0.041273, 0.4, 0.900181, 0.145674, 0.410431, 0.0, 0.0, 0.0, 0.0, 1.0],
                [0.411975, 0.020819, -0.910957, -0.0, -0.141248, 0.989114, -0.041273, 0.4, 0.900181, 0.145674, 0.410431, -0.0, 0.0, 0.0, 0.0, 1.0],
                [0.790451, -0.142186, -0.595793, 0.0, -0.1055, 0.926544, -0.361089, 0.4, 0.603371, 0.34828, 0.717388, 0.0, 0.0, 0.0, 0.0, 1.0],
                [0.94713, -0.015193, -0.32049, 0.0, -0.066173, 0.968153, -0.241454, 0.4, 0.313952, 0.249897, 0.915962, -0.0, 0.0, 0.0, 0.0, 1.0],
                [0.997217, 0.028977, 0.068695, -0.0, -0.01011, 0.965429, -0.260471, 0.4, -0.073868, 0.259052, 0.963035, -0.0, 0.0, 0.0, 0.0, 1.0],
                [0.71525, 0.082448, 0.693988, 0.0, 0.087071, 0.974767, -0.205545, 0.4, -0.693423, 0.207442, 0.690023, 0.0, 0.0, 0.0, 0.0, 1.0],
                [0.71525, 0.082448, 0.693988, 0.0, 0.087071, 0.974767, -0.205545, 0.4, -0.693423, 0.207442, 0.690023, 0.0, 0.0, 0.0, 0.0, 1.0],
                [0.45846, 0.2125, 0.862936, -0.0, 0.120038, 0.947288, -0.297046, 0.4, -0.880571, 0.239769, 0.408785, -0.0, 0.0, 0.0, 0.0, 1.0],
                [0.45846, 0.2125, 0.862936, -0.0, 0.120038, 0.947288, -0.297046, 0.4, -0.880571, 0.239769, 0.408785, -0.0, 0.0, 0.0, 0.0, 1.0],
                [0.706229, 0.161373, 0.689347, -0.0, 0.065137, 0.954737, -0.290232, 0.4, -0.704981, 0.249872, 0.663751, 0.0, 0.0, 0.0, 0.0, 1.0],
                [0.970025, 0.073485, 0.231629, 0.0, -0.016391, 0.970796, -0.239346, 0.4, -0.242453, 0.228374, 0.942901, 0.0, 0.0, 0.0, 0.0, 1.0],
                [0.821429, -0.006916, -0.57027, 0.0, -0.060074, 0.993314, -0.098579, 0.4, 0.567139, 0.115233, 0.815521, -0.0, 0.0, 0.0, 0.0, 1.0],
                [0.605579, -0.008554, -0.795739, 0.0, -0.044097, 0.998045, -0.044288, 0.4, 0.794562, 0.06191, 0.604018, 0.0, 0.0, 0.0, 0.0, 1.0]
            ]
        },
        {
            "name": "Shoulder_R",
            "time": [0.0, 0.0333, 0.1167, 0.1833, 0.2, 0.2167, 0.2333, 0.25, 0.2667, 0.45, 0.6167, 0.7333, 0.9, 1.05],
            "transform": [
                [0.263086, 0.913508, 0.310302, -0.0, -0.410481, -0.185081, 0.892889, 0.4, 0.873093, -0.36228, 0.326285, -0.0, 0.0, 0.0, 0.0, 1.0],
                [0.284608, 0.897352, 0.337279, -0.0, -0.417764, -0.200565, 0.886142, 0.4, 0.862828, -0.393106, 0.317799, 0.0, 0.0, 0.0, 0.0, 1.0],
                [0.284608, 0.897352, 0.337279, -0.0, -0.417764, -0.200565, 0.886142, 0.4, 0.862827, -0.393106, 0.317799, -0.0, 0.0, 0.0, 0.0, 1.0],
                [0.164091, 0.909073, 0.382962, 0.0, -0.322108, -0.317565, 0.891851, 0.4, 0.932374, -0.2697, 0.24071, 0.0, 0.0, 0.0, 0.0, 1.0],
                [0.227063, 0.910571, 0.345401, 0.0, -0.241938, -0.290804, 0.925688, 0.4, 0.943349, -0.293755, 0.154271, -0.0, 0.0, 0.0, 0.0, 1.0],
                [0.297338, 0.907559, 0.296525, -0.0, -0.123356, -0.271452, 0.954514, 0.4, 0.94677, -0.320391, 0.03124, -0.0, 0.0, 0.0, 0.0, 1.0],
                [0.051696, 0.927882, 0.369273, 0.0, 0.062849, -0.372057, 0.92608, 0.4, 0.996683, -0.024666, -0.07755, 0.0, 0.0, 0.0, 0.0, 1.0],
                [0.051696, 0.927882, 0.369273, 0.0, 0.062849, -0.372057, 0.92608, 0.4, 0.996683, -0.024666, -0.07755, 0.0, 0.0, 0.0, 0.0, 1.0],
                [0.051696, 0.927882, 0.369273, -0.0, 0.062849, -0.372057, 0.92608, 0.4, 0.996683, -0.024666, -0.07755, -0.0, 0.0, 0.0, 0.0, 1.0],
                [0.051696, 0.927882, 0.369273, -0.0, 0.062849, -0.372057, 0.92608, 0.4, 0.996683, -0.024666, -0.07755, -0.0, 0.0, 0.0, 0.0, 1.0],
                [0.040458, 0.920978, 0.387509, -0.0, 0.012753, -0.38827, 0.921457, 0.4, 0.9991, -0.032338, -0.027454, 0.0, 0.0, 0.0, 0.0, 1.0],
                [0.02135, 0.909991, 0.414078, 0.0, -0.063723, -0.412091, 0.908911, 0.4, 0.997739, -0.045792, 0.049189, 0.0, 0.0, 0.0, 0.0, 1.0],
                [-0.011964, 0.892422, 0.451043, 0.0, -0.17871, -0.445721, 0.877152, 0.4, 0.983829, -0.070111, 0.164817, -0.0, 0.0, 0.0, 0.0, 1.0],
                [-0.027817, 0.884584, 0.46555, 0.0, -0.227381, -0.459121, 0.858781, 0.4, 0.973408, -0.081969, 0.213909, 0.0, 0.0, 0.0, 0.0, 1.0]
            ]
        },
        {
            "name": "Arm_R",
            "time": [0.0, 0.0333, 0.1167, 0.1833, 0.2, 0.2167, 0.2333, 0.25, 0.2667, 0.45, 0.6167, 0.7333, 0.9, 1.05],
            "transform": [
                [-0.075075, -0.997112, -0.011382, 0.0, -0.032532, 0.013857, -0.999374, 0.393861, 0.996647, -0.074657, -0.033478, -0.0, 0.0, 0.0, 0.0, 1.0],
                [-0.245848, -0.966068, 0.079188, 0.0, -0.280334, -0.007339, -0.959874, 0.393861, 0.927885, -0.258182, -0.269018, -0.0, 0.0, 0.0, 0.0, 1.0],
                [-0.179705, -0.97692, 0.115476, 0.0, -0.181197, -0.082507, -0.979979, 0.393861, 0.966888, -0.197031, -0.162188, 0.0, 0.0, 0.0, 0.0, 1.0],
                [0.189301, -0.94961, 0.249811, -0.0, -0.665649, -0.311135, -0.67831, 0.39386, 0.721855, -0.037882, -0.691005, 0.0, 0.0, 0.0, 0.0, 1.0],
                [-0.11291, -0.992735, 0.04158, 0.0, -0.467349, 0.016133, -0.883925, 0.393861, 0.876832, -0.119237, -0.465777, -0.0, 0.0, 0.0, 0.0, 1.0],
                [-0.587085, -0.679007, -0.440771, -0.0, 0.54945, 0.06563, -0.832944, 0.393861, 0.594504, -0.731192, 0.334551, -0.0, 0.0, 0.0, 0.0, 1.0],
                [-0.475048, -0.6929, -0.542418, 0.0, 0.098384, 0.570726, -0.815225, 0.393861, 0.874443, -0.440636, -0.202954, -0.0, 0.0, 0.0, 0.0, 1.0],
                [-0.475048, -0.6929, -0.542418, 0.0, 0.098384, 0.570726, -0.815225, 0.393861, 0.874443, -0.440636, -0.202954, -0.0, 0.0, 0.0, 0.0, 1.0],
                [-0.309475, 0.060823, -0.94896, -0.0, 0.715858, 0.671785, -0.190398, 0.39386, 0.625917, -0.738245, -0.25144, 0.0, 0.0, 0.0, 0.0, 1.0],
                [-0.357533, -0.266544, -0.895055, -0.0, 0.751874, 0.486326, -0.445165, 0.39386, 0.553946, -0.83213, 0.026529, -0.0, 0.0, 0.0, 0.0, 1.0],
                [-0.369906, -0.229517, -0.900272, -0.0, 0.730831, 0.526407, -0.434489, 0.39386, 0.573634, -0.818667, -0.026984, 0.0, 0.0, 0.0, 0.0, 1.0],
                [-0.585413, -0.539529, -0.605143, -0.0, 0.359114, 0.49663, -0.790187, 0.39386, 0.726862, -0.679901, -0.096982, -0.0, 0.0, 0.0, 0.0, 1.0],
                [-0.71895, -0.146797, -0.679383, -0.0, 0.276024, 0.836764, -0.472903, 0.393861, 0.637903, -0.527519, -0.561072, -0.0, 0.0, 0.0, 0.0, 1.0],
                [-0.676012, 0.193419, -0.711053, 0.0, 0.48203, 0.845921, -0.228171, 0.393861, 0.557363, -0.496996, -0.665087, 0.0, 0.0, 0.0, 0.0, 1.0]
            ]
        },
        {
            "name": "Hand_R",
            "time": [0.0, 0.0333, 0.1167, 0.1833, 0.2, 0.2167, 0.2333, 0.25, 0.2667, 0.45, 0.6167, 0.7333, 0.9, 1.05],
            "transform": [
                [1.0, 0.0, -0.0, -0.0, 0.0, 0.708045, -0.706167, 0.3, -0.0, 0.706168, 0.708046, 0.0, 0.0, 0.0, 0.0, 1.0],
                [1.0, 0.0, 0.0, 0.0, -0.0, 0.571451, -0.820637, 0.3, -0.0, 0.820637, 0.571451, -0.0, 0.0, 0.0, 0.0, 1.0],
                [1.0, 0.0, 0.0, -0.0, -0.0, 0.388712, -0.921359, 0.3, -0.0, 0.92136, 0.388713, -0.0, 0.0, 0.0, 0.0, 1.0],
                [1.0, 0.0, 0.0, -0.0, -0.0, 0.79131, -0.611416, 0.3, -0.0, 0.611416, 0.79131, 0.0, 0.0, 0.0, 0.0, 1.0],
                [1.0, -0.0, 0.0, -0.0, -0.0, 0.495138, -0.868815, 0.3, -0.0, 0.868815, 0.495138, 0.0, 0.0, 0.0, 0.0, 1.0],
                [1.0, -0.0, 0.0, -0.0, -0.0, 0.478874, -0.877883, 0.3, -0.0, 0.877884, 0.478874, 0.0, 0.0, 0.0, 0.0, 1.0],
                [1.0, 0.0, -0.0, -0.0, 0.0, 0.232278, -0.97265, 0.3, -0.0, 0.97265, 0.232277, -0.0, 0.0, 0.0, 0.0, 1.0],
                [1.0, 0.0, -0.0, -0.0, 0.0, 0.232278, -0.97265, 0.3, -0.0, 0.97265, 0.232277, -0.0, 0.0, 0.0, 0.0, 1.0],
                [1.0, 0.0, -0.0, -0.0, 0.0, 0.178295, -0.983977, 0.3, -0.0, 0.983978, 0.178295, 0.0, 0.0, 0.0, 0.0, 1.0],
                [1.0, 0.0, -0.0, -0.0, -0.0, 0.447572, -0.894248, 0.3, -0.0, 0.894248, 0.447572, 0.0, 0.0, 0.0, 0.0, 1.0],
                [1.0, -0.0, -0.0, -0.0, -0.0, 0.206482, -0.97845, 0.3, -0.0, 0.978451, 0.206482, 0.0, 0.0, 0.0, 0.0, 1.0],
                [1.0, 0.0, 0.0, 0.0, -0.0, 0.426123, -0.904666, 0.3, 0.0, 0.904666, 0.426123, 0.0, 0.0, 0.0, 0.0, 1.0],
                [1.0, 0.0, 0.0, -0.0, -0.0, 0.420148, -0.907457, 0.3, -0.0, 0.907456, 0.420147, 0.0, 0.0, 0.0, 0.0, 1.0],
                [1.0, 0.0, 0.0, 0.0, -0.0, 0.289198, -0.95727, 0.3, -0.0, 0.957269, 0.289198, 0.0, 0.0, 0.0, 0.0, 1.0]
            ]
        },
        {
            "name": "Tool_R",
            "time": [0.0, 0.0333, 0.1167, 0.1833, 0.2, 0.2167, 0.2333, 0.25, 0.2667, 0.45, 0.6167, 0.7333, 0.9, 1.05],
            "transform": [
                [-0.083432, -0.281486, -0.955932, 0.483854, -0.953849, 0.300243, -0.005161, 0.279998, 0.288284, 0.910847, -0.293371, 0.208291, 0.0, 0.0, 0.0, 1.0],
                [0.681804, -0.105653, -0.723865, 0.260596, -0.713169, 0.124335, -0.689878, 0.501691, 0.162785, 0.986017, 0.009411, 0.062529, 0.0, 0.0, 0.0, 1.0],
                [0.866043, -0.04468, -0.49797, 0.0913, -0.445274, 0.384039, -0.808855, 0.499938, 0.22724, 0.921694, 0.312505, -0.046215, 0.0, 0.0, 0.0, 1.0],
                [0.914189, 0.208555, -0.347511, 0.169734, -0.369661, 0.077535, -0.925926, 0.721797, -0.166068, 0.974356, 0.147879, -0.018674, 0.0, 0.0, 0.0, 1.0],
                [0.791687, -0.548829, -0.268364, 0.147007, -0.408691, -0.149273, -0.900383, 0.669302, 0.453823, 0.822011, -0.342286, 0.161253, 0.0, 0.0, 0.0, 1.0],
                [0.26852, -0.937638, 0.220754, -0.096247, -0.36323, -0.310812, -0.878328, 0.633591, 0.891634, 0.155569, -0.423796, 0.24225, 0.0, 0.0, 0.0, 1.0],
                [0.781317, -0.386209, -0.490292, 0.193637, -0.384604, 0.320759, -0.86556, 0.652548, 0.491258, 0.864336, 0.102007, -0.012091, 0.0, 0.0, 0.0, 1.0],
                [0.781317, -0.386209, -0.490292, 0.193637, -0.384604, 0.320759, -0.86556, 0.652548, 0.491258, 0.864336, 0.102007, -0.012091, 0.0, 0.0, 0.0, 1.0],
                [0.64339, -0.765529, -0.003903, -0.100849, -0.498594, -0.415165, -0.760949, 0.583382, 0.580558, 0.491238, -0.648425, 0.333036, 0.0, 0.0, 0.0, 1.0],
                [0.609592, -0.768862, 0.193, -0.100849, -0.499329, -0.561522, -0.659822, 0.583382, 0.615315, 0.305665, -0.725791, 0.333036, 0.0, 0.0, 0.0, 1.0],
                [0.958981, 0.047849, 0.279405, -0.088086, 0.181012, -0.8619, -0.473671, 0.542071, 0.218027, 0.504508, -0.834717, 0.370615, 0.0, 0.0, 0.0, 1.0],
                [0.959765, -0.203216, 0.193791, -0.031604, -0.14372, -0.948376, -0.282713, 0.441218, 0.241094, 0.243332, -0.938872, 0.452821, 0.0, 0.0, 0.0, 1.0],
                [0.984565, 0.120803, 0.126646, -0.026375, 0.131358, -0.988217, -0.078571, 0.360678, 0.115595, 0.093928, -0.988247, 0.530138, 0.0, 0.0, 0.0, 1.0],
                [0.926857, 0.368193, 0.073287, -0.025764, 0.370969, -0.928214, -0.028293, 0.340353, 0.057579, 0.05337, -0.99632, 0.554107, 0.0, 0.0, 0.0, 1.0]
            ]
        },
        {
            "name": "Elbow_R",
            "time": [0.0, 0.0333, 0.1167, 0.1833, 0.2, 0.2167, 0.2333, 0.25, 0.2667, 0.45, 0.6167, 0.7333, 0.9, 1.05],
            "transform": [
                [-1.0, 0.0, -0.0, -0.0, 0.0, -0.0, -1.0, 0.3838, -0.0, -1.0, 0.0, -0.0, 0.0, 0.0, 0.0, 1.0],
                [-1.0, 0.0, -0.0, 0.0, 0.0, -0.0, -1.0, 0.400523, -0.0, -1.0, 0.0, 0.0, 0.0, 0.0, 0.0, 1.0],
                [-1.0, 0.0, -0.0, 0.0, 0.0, -0.0, -1.0, 0.420112, -0.0, -1.0, 0.0, -0.0, 0.0, 0.0, 0.0, 1.0],
                [-1.0, 0.0, -0.0, 0.0, 0.0, -0.0, -1.0, 0.371971, -0.0, -1.0, 0.0, 0.0, 0.0, 0.0, 0.0, 1.0],
                [-1.0, 0.0, -0.0, -0.0, 0.0, -0.0, -1.0, 0.408983, -0.0, -1.0, 0.0, -0.0, 0.0, 0.0, 0.0, 1.0],
                [-1.0, 0.0, -0.0, 0.0, -0.0, -0.0, -1.0, 0.410728, -0.0, -1.0, 0.0, -0.0, 0.0, 0.0, 0.0, 1.0],
                [-1.0, 0.0, -0.0, 0.0, -0.0, -0.0, -1.0, 0.435557, -0.0, -1.0, 0.0, -0.0, 0.0, 0.0, 0.0, 1.0],
                [-1.0, 0.0, -0.0, 0.0, -0.0, -0.0, -1.0, 0.435557, -0.0, -1.0, 0.0, -0.0, 0.0, 0.0, 0.0, 1.0],
                [-1.0, 0.0, -0.0, -0.0, -0.0, 0.0, -1.0, 0.440726, -0.0, -1.0, 0.0, 0.0, 0.0, 0.0, 0.0, 1.0],
                [-1.0, 0.0, -0.0, -0.0, 0.0, -0.0, -1.0, 0.414038, -0.0, -1.0, 0.0, 0.0, 0.0, 0.0, 0.0, 1.0],
                [-1.0, 0.0, 0.0, 0.0, 0.0, 0.0, -1.0, 0.438035, -0.0, -1.0, 0.0, -0.0, 0.0, 0.0, 0.0, 1.0],
                [-1.0, 0.0, -0.0, 0.0, 0.0, -0.0, -1.0, 0.416273, -0.0, -1.0, 0.0, -0.0, 0.0, 0.0, 0.0, 1.0],
                [-1.0, 0.0, 0.0, 0.0, 0.0, -0.0, -1.0, 0.416891, -0.0, -1.0, 0.0, 0.0, 0.0, 0.0, 0.0, 1.0],
                [-1.0, 0.0, 0.0, -0.0, 0.0, -0.0, -1.0, 0.430031, -0.0, -1.0, 0.0, 0.0, 0.0, 0.0, 0.0, 1.0]
            ]
        },
        {
            "name": "Shoulder_L",
            "time": [0.0, 0.0333, 0.1167, 0.1833, 0.2, 0.2167, 0.2333, 0.25, 0.2667, 0.45, 0.6167, 0.7333, 0.9, 1.05],
            "transform": [
                [0.381365, -0.893325, -0.237763, -0.0, 0.233015, -0.156002, 0.959879, 0.4, -0.894575, -0.421466, 0.148664, -0.0, 0.0, 0.0, 0.0, 1.0],
                [0.34346, -0.906338, -0.246143, -0.0, 0.198871, -0.185957, 0.962222, 0.4, -0.91787, -0.379436, 0.116376, 0.0, 0.0, 0.0, 0.0, 1.0],
                [0.222001, -0.927096, -0.302006, -0.0, -0.152914, -0.339006, 0.928274, 0.4, -0.962981, -0.159896, -0.217026, -0.0, 0.0, 0.0, 0.0, 1.0],
                [0.349116, -0.933165, -0.085566, 0.0, -0.324303, -0.205985, 0.923254, 0.4, -0.879173, -0.294573, -0.374541, 0.0, 0.0, 0.0, 0.0, 1.0],
                [0.292277, -0.876087, -0.383466, 0.0, -0.372246, -0.473572, 0.798224, 0.4, -0.880912, -0.090559, -0.464534, -0.0, 0.0, 0.0, 0.0, 1.0],
                [0.235132, -0.885432, -0.400904, -0.0, -0.056683, -0.424258, 0.903766, 0.4, -0.970309, -0.18978, -0.149946, -0.0, 0.0, 0.0, 0.0, 1.0],
                [0.544739, -0.801255, -0.247485, 0.0, -0.14254, -0.379288, 0.914234, 0.4, -0.826403, -0.462743, -0.320824, 0.0, 0.0, 0.0, 0.0, 1.0],
                [0.544739, -0.801255, -0.247485, 0.0, -0.14254, -0.379288, 0.914234, 0.4, -0.826403, -0.462743, -0.320824, 0.0, 0.0, 0.0, 0.0, 1.0],
                [0.565748, -0.75918, -0.321832, -0.0, -0.088863, -0.444159, 0.89153, 0.4, -0.819776, -0.475782, -0.318745, -0.0, 0.0, 0.0, 0.0, 1.0],
                [0.544521, -0.775547, -0.319411, -0.0, -0.100398, -0.438349, 0.89318, 0.4, -0.832716, -0.454287, -0.316554, -0.0, 0.0, 0.0, 0.0, 1.0],
                [0.336477, -0.915142, -0.222032, -0.0, -0.050612, -0.253014, 0.966138, 0.4, -0.94033, -0.313846, -0.13145, 0.0, 0.0, 0.0, 0.0, 1.0],
                [0.114882, -0.920727, -0.372913, 0.0, -0.109296, -0.384835, 0.916492, 0.4, -0.987348, -0.06453, -0.144842, 0.0, 0.0, 0.0, 0.0, 1.0],
                [0.109958, -0.879152, -0.463681, 0.0, -0.034386, -0.469596, 0.882212, 0.4, -0.993341, -0.081063, -0.081866, -0.0, 0.0, 0.0, 0.0, 1.0],
                [0.102168, -0.870135, -0.482107, 0.0, 0.022978, -0.48245, 0.875622, 0.4, -0.994502, -0.100539, -0.029297, 0.0, 0.0, 0.0, 0.0, 1.0]
            ]
        },
        {
            "name": "Arm_L",
            "time": [0.0, 0.0333, 0.1167, 0.1833, 0.2, 0.2167, 0.2333, 0.25, 0.2667, 0.45, 0.6167, 0.7333, 0.9, 1.05],
            "transform": [
                [0.539669, 0.841414, 0.027925, 0.0, 0.270753, -0.142057, -0.95211, 0.39386, -0.797151, 0.521384, -0.304479, -0.0, 0.0, 0.0, 0.0, 1.0],
                [0.341679, 0.895697, 0.284572, -0.0, -0.606555, 0.441456, -0.661216, 0.39386, -0.717876, 0.053315, 0.694126, 0.0, 0.0, 0.0, 0.0, 1.0],
                [0.582137, 0.81309, 0.000804, 0.0, -0.454649, 0.326328, -0.828738, 0.39386, -0.674101, 0.482073, 0.559637, 0.0, 0.0, 0.0, 0.0, 1.0],
                [0.541862, 0.835007, -0.095645, -0.0, -0.795329, 0.472637, -0.37956, 0.39386, -0.271731, 0.281738, 0.92021, 0.0, 0.0, 0.0, 0.0, 1.0],
                [0.572963, 0.810996, 0.118311, 0.0, -0.631825, 0.529024, -0.566507, 0.393861, -0.522025, 0.249836, 0.815519, -0.0, 0.0, 0.0, 0.0, 1.0],
                [0.382119, 0.716798, 0.583253, 0.0, -0.382975, 0.697232, -0.605968, 0.39386, -0.84102, 0.008181, 0.540942, -0.0, 0.0, 0.0, 0.0, 1.0],
                [0.08043, 0.934603, 0.346479, 0.0, -0.931816, 0.193921, -0.30678, 0.39386, -0.353907, -0.298179, 0.886476, -0.0, 0.0, 0.0, 0.0, 1.0],
                [0.08043, 0.934603, 0.346479, 0.0, -0.931816, 0.193921, -0.30678, 0.39386, -0.353907, -0.298179, 0.886476, -0.0, 0.0, 0.0, 0.0, 1.0],
                [-0.09301, 0.884147, 0.457856, -0.0, -0.614757, 0.310733, -0.724926, 0.39386, -0.783213, -0.348894, 0.514637, 0.0, 0.0, 0.0, 0.0, 1.0],
                [0.107404, 0.842294, 0.528208, 0.0, -0.440073, 0.516678, -0.734425, 0.39386, -0.891516, -0.153569, 0.426164, -0.0, 0.0, 0.0, 0.0, 1.0],
                [0.004429, 0.98864, 0.150229, -0.0, -0.367809, 0.14131, -0.919102, 0.393861, -0.929891, -0.051184, 0.364257, 0.0, 0.0, 0.0, 0.0, 1.0],
                [0.547351, 0.83166, 0.093535, 0.0, -0.598473, 0.467085, -0.650893, 0.39386, -0.585011, 0.300289, 0.753385, -0.0, 0.0, 0.0, 0.0, 1.0],
                [0.186576, 0.81739, 0.545034, 0.0, -0.388757, 0.570918, -0.723131, 0.39386, -0.902251, -0.076967, 0.424286, -0.0, 0.0, 0.0, 0.0, 1.0],
                [-0.023398, 0.982479, 0.184899, 0.0, -0.354661, 0.164762, -0.920363, 0.39386, -0.934702, -0.087112, 0.344592, -0.0, 0.0, 0.0, 0.0, 1.0]
            ]
        },
        {
            "name": "Hand_L",
            "time": [0.0, 0.0333, 0.1167, 0.1833, 0.2, 0.2167, 0.2333, 0.25, 0.2667, 0.45, 0.6167, 0.7333, 0.9, 1.05],
            "transform": [
                [1.0, 0.0, 0.0, 0.0, -0.0, 0.751438, -0.659804, 0.3, -0.0, 0.659804, 0.751438, -0.0, 0.0, 0.0, 0.0, 1.0],
                [1.0, 0.0, 0.0, 0.0, -0.0, 0.114628, -0.993408, 0.3, 0.0, 0.993409, 0.114629, 0.0, 0.0, 0.0, 0.0, 1.0],
                [1.0, 0.0, 0.0, -0.0, -0.0, 0.298891, -0.954288, 0.3, 0.0, 0.954287, 0.298891, 0.0, 0.0, 0.0, 0.0, 1.0],
                [1.0, 0.0, -0.0, -0.0, 0.0, 0.758175, -0.652053, 0.3, -0.0, 0.652052, 0.758174, 0.0, 0.0, 0.0, 0.0, 1.0],
                [1.0, 0.0, -0.0, 0.0, -0.0, 0.241181, -0.970481, 0.3, -0.0, 0.97048, 0.241181, -0.0, 0.0, 0.0, 0.0, 1.0],
                [1.0, 0.0, 0.0, 0.0, -0.0, 0.138978, -0.990296, 0.3, 0.0, 0.990296, 0.138978, -0.0, 0.0, 0.0, 0.0, 1.0],
                [1.0, 0.0, -0.0, -0.0, -0.0, 0.898172, -0.439644, 0.3, 0.0, 0.439644, 0.898172, -0.0, 0.0, 0.0, 0.0, 1.0],
                [1.0, 0.0, -0.0, -0.0, -0.0, 0.898172, -0.439644, 0.3, 0.0, 0.439644, 0.898172, -0.0, 0.0, 0.0, 0.0, 1.0],
                [1.0, 0.0, 0.0, 0.0, 0.0, 0.951547, -0.307503, 0.3, -0.0, 0.307502, 0.951547, -0.0, 0.0, 0.0, 0.0, 1.0],
                [1.0, -0.0, -0.0, -0.0, -0.0, 0.915117, -0.403188, 0.3, -0.0, 0.403188, 0.915117, 0.0, 0.0, 0.0, 0.0, 1.0],
                [1.0, 0.0, 0.0, -0.0, -0.0, 0.725428, -0.688299, 0.3, 0.0, 0.688298, 0.725428, -0.0, 0.0, 0.0, 0.0, 1.0],
                [1.0, 0.0, -0.0, -0.0, -0.0, 0.24366, -0.969861, 0.3, -0.0, 0.969861, 0.243659, 0.0, 0.0, 0.0, 0.0, 1.0],
                [1.0, 0.0, 0.0, 0.0, -0.0, 0.340922, -0.940092, 0.3, -0.0, 0.940092, 0.340922, -0.0, 0.0, 0.0, 0.0, 1.0],
                [1.0, 0.0, -0.0, -0.0, 0.0, 0.68751, -0.726175, 0.3, 0.0, 0.726175, 0.68751, 0.0, 0.0, 0.0, 0.0, 1.0]
            ]
        },
        {
            "name": "Tool_L",
            "time": [0.0, 0.0333, 0.1167, 0.1833, 0.2, 0.2167, 0.2333, 0.25, 0.2667, 0.45, 0.6167, 0.7333, 0.9, 1.05],
            "transform": [
                [1.0, -0.0, 0.0, 0.0, 0.0, -0.999836, 0.018122, 0.272858, 0.0, -0.018122, -0.999248, -0.0, 0.0, 0.0, 0.0, 1.0],
                [1.0, 0.0, 0.0, 0.0, -0.0, -0.999836, 0.018122, 0.272858, 0.0, -0.018122, -0.999248, 0.0, 0.0, 0.0, 0.0, 1.0],
                [1.0, 0.0, 0.0, -0.0, -0.0, -0.999835, 0.018122, 0.272858, 0.0, -0.018122, -0.999247, 0.0, 0.0, 0.0, 0.0, 1.0],
                [1.0, 0.0, 0.0, -0.073022, 0.0, -0.999836, 0.018122, 0.217602, 0.0, -0.018122, -0.999248, 0.077229, 0.0, 0.0, 0.0, 1.0],
                [1.0, 0.0, 0.0, -0.073022, 0.0, -0.999836, 0.018122, 0.217602, 0.0, -0.018122, -0.999248, 0.077229, 0.0, 0.0, 0.0, 1.0],
                [1.0, 0.0, 0.0, -0.073023, -0.0, -0.999836, 0.018122, 0.217602, 0.0, -0.018122, -0.999247, 0.077229, 0.0, 0.0, 0.0, 1.0],
                [1.0, 0.0, 0.0, -0.073022, 0.0, -0.999836, 0.018122, 0.217602, 0.0, -0.018122, -0.999248, 0.077229, 0.0, 0.0, 0.0, 1.0],
                [1.0, 0.0, 0.0, -0.073022, 0.0, -0.999836, 0.018122, 0.217602, 0.0, -0.018122, -0.999248, 0.077229, 0.0, 0.0, 0.0, 1.0],
