{
    "animation": [
        {
            "name": "Root",
            "time": [0.0, 0.0333, 0.1333, 0.2833, 0.3167, 0.35, 0.3667, 0.3833, 0.4, 0.4167, 0.4333, 0.4667, 0.4833, 0.5167, 0.6333],
            "transform": [
                [0.6, -0.001514, -0.799998, -5e-06, -0.799998, -0.003027, -0.599994, 0.142126, -0.001514, 0.999994, -0.003027, 0.764422, 0.0, 0.0, 0.0, 1.0],
                [0.6, -0.001514, -0.799998, -5e-06, -0.799998, -0.003027, -0.599994, 0.173326, -0.001514, 0.999994, -0.003027, 0.764422, 0.0, 0.0, 0.0, 1.0],
                [0.6, -0.001514, -0.799998, -5e-06, -0.799998, -0.003027, -0.599994, 0.442126, -0.001514, 0.999994, -0.003027, 0.764422, 0.0, 0.0, 0.0, 1.0],
                [0.6, -0.001514, -0.799998, -5e-06, -0.799998, -0.003027, -0.599994, 0.442126, -0.001514, 0.999994, -0.003027, 0.764422, 0.0, 0.0, 0.0, 1.0],
                [0.6, -0.001514, -0.799998, -5e-06, -0.799998, -0.003027, -0.599994, 0.442126, -0.001514, 0.999994, -0.003027, 0.764422, 0.0, 0.0, 0.0, 1.0],
                [0.6, -0.001514, -0.799998, -5e-06, -0.799998, -0.003027, -0.599994, 0.442126, -0.001514, 0.999994, -0.003027, 0.764422, 0.0, 0.0, 0.0, 1.0],
                [0.995012, -0.000189, -0.09975, -5e-06, -0.09975, -0.003775, -0.995005, 0.442126, -0.000189, 0.999993, -0.003775, 0.764422, 0.0, 0.0, 0.0, 1.0],
                [0.873931, 0.00092, 0.48605, -5e-06, 0.48605, -0.003545, -0.873924, 0.442126, 0.00092, 0.999993, -0.003545, 0.764422, 0.0, 0.0, 0.0, 1.0],
                [0.724138, 0.001305, 0.689654, -5e-06, 0.689654, -0.003262, -0.724132, 0.712126, 0.001305, 0.999994, -0.003262, 0.764422, 0.0, 0.0, 0.0, 1.0],
                [0.724138, 0.001305, 0.689654, -5e-06, 0.689654, -0.003262, -0.724132, 0.842294, 0.001305, 0.999994, -0.003262, 0.764422, 0.0, 0.0, 0.0, 1.0],
                [0.724138, 0.001305, 0.689654, -5e-06, 0.689654, -0.003262, -0.724132, 0.870233, 0.001305, 0.999994, -0.003262, 0.764422, 0.0, 0.0, 0.0, 1.0],
                [0.724138, 0.001305, 0.689654, -5e-06, 0.689654, -0.003262, -0.724132, 1.019608, 0.001305, 0.999994, -0.003262, 0.764422, 0.0, 0.0, 0.0, 1.0],
                [0.724138, 0.001305, 0.689654, -5e-06, 0.689654, -0.003262, -0.724132, 1.098556, 0.001305, 0.999994, -0.003262, 0.764422, 0.0, 0.0, 0.0, 1.0],
                [0.724138, 0.001305, 0.689654, -5e-06, 0.689654, -0.003262, -0.724132, 1.155637, 0.001305, 0.999994, -0.003262, 0.764422, 0.0, 0.0, 0.0, 1.0],
                [0.724138, 0.001305, 0.689654, -5e-06, 0.689654, -0.003262, -0.724132, 1.155637, 0.001305, 0.999994, -0.003262, 0.764422, 0.0, 0.0, 0.0, 1.0]
            ]
        },
        {
            "name": "Thigh_R",
            "time": [0.0, 0.0333, 0.1333, 0.2833, 0.3167, 0.35, 0.3833, 0.4, 0.4167, 0.4333, 0.4667, 0.5833, 0.6333],
            "transform": [
                [0.77305, 0.113474, 0.624113, 0.124994, -0.113476, -0.94326, 0.312057, -0.002831, 0.624113, -0.312056, -0.716312, -1.2e-05, 0.0, 0.0, 0.0, 1.0],
                [0.77305, 0.113474, 0.624113, 0.124994, -0.113476, -0.94326, 0.312057, -0.002831, 0.624113, -0.312056, -0.716312, -1.2e-05, 0.0, 0.0, 0.0, 1.0],
                [0.77305, 0.113474, 0.624113, 0.124994, -0.113476, -0.94326, 0.312057, -0.002831, 0.624113, -0.312056, -0.716312, -1.2e-05, 0.0, 0.0, 0.0, 1.0],
                [0.77305, 0.113474, 0.624113, 0.124994, -0.113476, -0.94326, 0.312057, -0.002831, 0.624113, -0.312056, -0.716312, -1.2e-05, 0.0, 0.0, 0.0, 1.0],
                [0.77305, 0.113474, 0.624113, 0.124994, -0.113476, -0.94326, 0.312057, -0.002831, 0.624113, -0.312056, -0.716312, -1.2e-05, 0.0, 0.0, 0.0, 1.0],
                [0.77305, 0.113474, 0.624113, 0.124994, -0.113476, -0.94326, 0.312057, -0.002831, 0.624113, -0.312056, -0.716312, -1.2e-05, 0.0, 0.0, 0.0, 1.0],
                [0.77305, 0.113474, 0.624114, 0.124994, -0.113476, -0.94326, 0.312057, -0.002831, 0.624113, -0.312056, -0.716312, -1.2e-05, 0.0, 0.0, 0.0, 1.0],
                [0.77305, 0.113474, 0.624113, 0.124994, -0.113476, -0.94326, 0.312057, -0.002831, 0.624113, -0.312056, -0.716312, -1.2e-05, 0.0, 0.0, 0.0, 1.0],
                [0.77305, 0.113474, 0.624113, 0.124994, -0.113476, -0.94326, 0.312057, -0.002831, 0.624113, -0.312056, -0.716312, -1.2e-05, 0.0, 0.0, 0.0, 1.0],
                [0.796519, 0.143472, 0.587344, 0.124994, -0.076523, -0.9397, 0.33332, -0.002831, 0.599751, -0.31044, -0.737512, -1.2e-05, 0.0, 0.0, 0.0, 1.0],
                [0.88649, 0.3207, 0.333597, 0.124994, 0.16266, -0.890852, 0.424169, -0.002831, 0.433217, -0.321758, -0.841899, -1.2e-05, 0.0, 0.0, 0.0, 1.0],
                [0.888889, 0.444443, 0.111111, 0.124994, 0.355555, -0.82222, 0.444444, -0.002831, 0.288889, -0.355555, -0.888888, -1.2e-05, 0.0, 0.0, 0.0, 1.0],
                [0.888889, 0.444443, 0.111111, 0.124994, 0.355555, -0.82222, 0.444444, -0.002831, 0.288889, -0.355555, -0.888888, -1.2e-05, 0.0, 0.0, 0.0, 1.0]
            ]
        },
        {
            "name": "Leg_R",
            "time": [0.0, 0.0333, 0.1333, 0.2833, 0.3167, 0.35, 0.3833, 0.4, 0.4167, 0.4333, 0.4667, 0.5833, 0.6333],
            "transform": [
                [0.999993, -0.000548, 0.003713, 0.0, -0.000923, 0.923078, 0.384614, 0.37472, -0.003638, -0.384615, 0.923069, -0.0, 0.0, 0.0, 0.0, 1.0],
                [0.999993, -0.000548, 0.003713, -0.0, -0.000923, 0.923078, 0.384614, 0.37472, -0.003638, -0.384615, 0.923069, -0.0, 0.0, 0.0, 0.0, 1.0],
                [0.999993, -0.000548, 0.003713, -0.0, -0.000923, 0.923078, 0.384614, 0.37472, -0.003638, -0.384615, 0.923069, -0.0, 0.0, 0.0, 0.0, 1.0],
                [0.999993, -0.000548, 0.003713, -0.0, -0.000923, 0.923078, 0.384614, 0.37472, -0.003638, -0.384615, 0.923069, -0.0, 0.0, 0.0, 0.0, 1.0],
                [0.999993, -0.000548, 0.003713, -0.0, -0.000923, 0.923078, 0.384614, 0.37472, -0.003638, -0.384615, 0.923069, -0.0, 0.0, 0.0, 0.0, 1.0],
                [0.999993, -0.000548, 0.003713, -0.0, -0.000923, 0.923078, 0.384614, 0.37472, -0.003638, -0.384615, 0.923069, -0.0, 0.0, 0.0, 0.0, 1.0],
                [0.999993, -0.000548, 0.003713, 0.0, -0.000923, 0.923078, 0.384614, 0.37472, -0.003638, -0.384615, 0.923069, -0.0, 0.0, 0.0, 0.0, 1.0],
                [0.999993, -0.000548, 0.003713, -0.0, -0.000923, 0.923078, 0.384614, 0.37472, -0.003638, -0.384615, 0.923069, -0.0, 0.0, 0.0, 0.0, 1.0],
                [0.999993, -0.000548, 0.003713, -0.0, -0.000923, 0.923078, 0.384614, 0.37472, -0.003638, -0.384615, 0.923069, 0.0, 0.0, 0.0, 0.0, 1.0],
                [0.999993, -0.000548, 0.003713, 0.0, -0.000923, 0.923078, 0.384614, 0.37472, -0.003638, -0.384615, 0.923069, 0.0, 0.0, 0.0, 0.0, 1.0],
                [0.999993, -0.000548, 0.003713, 0.0, -0.000923, 0.923078, 0.384614, 0.37472, -0.003638, -0.384615, 0.923069, -0.0, 0.0, 0.0, 0.0, 1.0],
                [0.999993, -0.000548, 0.003713, -0.0, -0.000922, 0.923078, 0.384614, 0.37472, -0.003638, -0.384615, 0.923069, -0.0, 0.0, 0.0, 0.0, 1.0],
                [0.999993, -0.000548, 0.003713, -0.0, -0.000922, 0.923078, 0.384614, 0.37472, -0.003638, -0.384615, 0.923069, -0.0, 0.0, 0.0, 0.0, 1.0]
            ]
        },
        {
            "name": "Knee_R",
            "time": [0.0, 0.0333, 0.1333, 0.2833, 0.3167, 0.35, 0.3833, 0.4, 0.4167, 0.4333, 0.4667, 0.5833, 0.6333],
            "transform": [
                [1.0, 0.0, -0.0, 0.0, -0.0, 0.0, -1.0, 0.37472, -0.0, 1.0, 0.0, 0.0, 0.0, 0.0, 0.0, 1.0],
                [1.0, 0.0, -0.0, -0.0, -0.0, 0.0, -1.0, 0.37472, -0.0, 1.0, 0.0, 0.0, 0.0, 0.0, 0.0, 1.0],
                [1.0, 0.0, -0.0, -0.0, -0.0, 0.0, -1.0, 0.37472, -0.0, 1.0, 0.0, 0.0, 0.0, 0.0, 0.0, 1.0],
                [1.0, 0.0, -0.0, -0.0, -0.0, 0.0, -1.0, 0.37472, -0.0, 1.0, 0.0, 0.0, 0.0, 0.0, 0.0, 1.0],
                [1.0, 0.0, -0.0, -0.0, -0.0, 0.0, -1.0, 0.37472, -0.0, 1.0, 0.0, 0.0, 0.0, 0.0, 0.0, 1.0],
                [1.0, 0.0, -0.0, -0.0, -0.0, 0.0, -1.0, 0.37472, -0.0, 1.0, 0.0, 0.0, 0.0, 0.0, 0.0, 1.0],
                [1.0, 0.0, -0.0, 0.0, -0.0, 0.0, -1.0, 0.37472, -0.0, 1.0, 0.0, 0.0, 0.0, 0.0, 0.0, 1.0],
                [1.0, 0.0, -0.0, -0.0, -0.0, 0.0, -1.0, 0.37472, -0.0, 1.0, 0.0, -0.0, 0.0, 0.0, 0.0, 1.0],
                [1.0, 0.0, -0.0, -0.0, -0.0, 0.0, -1.0, 0.37472, -0.0, 1.0, 0.0, 0.0, 0.0, 0.0, 0.0, 1.0],
                [1.0, 0.0, -0.0, 0.0, -0.0, 0.0, -1.0, 0.37472, -0.0, 1.0, 0.0, 0.0, 0.0, 0.0, 0.0, 1.0],
                [1.0, 0.0, -0.0, -0.0, -0.0, 0.0, -1.0, 0.37472, -0.0, 1.0, 0.0, -0.0, 0.0, 0.0, 0.0, 1.0],
                [1.0, 0.0, -0.0, -0.0, -0.0, 0.0, -1.0, 0.37472, -0.0, 1.0, 0.0, -0.0, 0.0, 0.0, 0.0, 1.0],
                [1.0, 0.0, -0.0, -0.0, -0.0, 0.0, -1.0, 0.37472, -0.0, 1.0, 0.0, -0.0, 0.0, 0.0, 0.0, 1.0]
            ]
        },
        {
            "name": "Thigh_L",
            "time": [0.0, 0.0333, 0.1333, 0.2833, 0.3167, 0.35, 0.3833, 0.4, 0.4167, 0.4333, 0.4667, 0.5833, 0.6333],
            "transform": [
                [0.961136, -0.213677, 0.174813, -0.125006, -0.174814, -0.961136, -0.213677, -0.002831, 0.213677, 0.174813, -0.961136, 2.5e-05, 0.0, 0.0, 0.0, 1.0],
                [0.961136, -0.213677, 0.174813, -0.125006, -0.174814, -0.961136, -0.213677, -0.002831, 0.213677, 0.174813, -0.961136, 2.5e-05, 0.0, 0.0, 0.0, 1.0],
                [0.961136, -0.213677, 0.174813, -0.125006, -0.174814, -0.961136, -0.213677, -0.002831, 0.213677, 0.174813, -0.961136, 2.5e-05, 0.0, 0.0, 0.0, 1.0],
                [0.961136, -0.213677, 0.174813, -0.125006, -0.174814, -0.961136, -0.213677, -0.002831, 0.213677, 0.174813, -0.961136, 2.5e-05, 0.0, 0.0, 0.0, 1.0],
                [0.961136, -0.213677, 0.174813, -0.125006, -0.174814, -0.961136, -0.213677, -0.002831, 0.213677, 0.174813, -0.961136, 2.5e-05, 0.0, 0.0, 0.0, 1.0],
                [0.961136, -0.213677, 0.174813, -0.125006, -0.174814, -0.961136, -0.213677, -0.002831, 0.213677, 0.174813, -0.961136, 2.5e-05, 0.0, 0.0, 0.0, 1.0],
                [0.961136, -0.213677, 0.174813, -0.125006, -0.174814, -0.961136, -0.213677, -0.002831, 0.213677, 0.174813, -0.961136, 2.5e-05, 0.0, 0.0, 0.0, 1.0],
                [0.961136, -0.213677, 0.174813, -0.125006, -0.174813, -0.961136, -0.213677, -0.002831, 0.213677, 0.174813, -0.961136, 2.6e-05, 0.0, 0.0, 0.0, 1.0],
                [0.961136, -0.213677, 0.174813, -0.125006, -0.174813, -0.961136, -0.213677, -0.002831, 0.213677, 0.174813, -0.961136, 2.5e-05, 0.0, 0.0, 0.0, 1.0],
                [0.961136, -0.213677, 0.174813, -0.125006, -0.174813, -0.961136, -0.213677, -0.002831, 0.213677, 0.174813, -0.961136, 2.5e-05, 0.0, 0.0, 0.0, 1.0],
                [0.961136, -0.213677, 0.174813, -0.125006, -0.174813, -0.961136, -0.213677, -0.002831, 0.213677, 0.174813, -0.961136, 2.5e-05, 0.0, 0.0, 0.0, 1.0],
                [0.961136, -0.213677, 0.174813, -0.125006, -0.174813, -0.961136, -0.213677, -0.002831, 0.213677, 0.174813, -0.961136, 2.6e-05, 0.0, 0.0, 0.0, 1.0],
                [0.961136, -0.213677, 0.174813, -0.125006, -0.174813, -0.961136, -0.213677, -0.002831, 0.213677, 0.174813, -0.961136, 2.6e-05, 0.0, 0.0, 0.0, 1.0]
            ]
        },
        {
            "name": "Leg_L",
            "time": [0.0, 0.0333, 0.1333, 0.2833, 0.3167, 0.35, 0.3833, 0.4, 0.4167, 0.4333, 0.4667, 0.5833, 0.6333],
            "transform": [
                [1.0, -0.0, 2e-06, 0.0, -0.0, 0.980197, 0.198023, 0.37472, -2e-06, -0.198023, 0.980198, -0.0, 0.0, 0.0, 0.0, 1.0],
                [1.0, -0.0, 2e-06, -0.0, -0.0, 0.980197, 0.198023, 0.37472, -2e-06, -0.198023, 0.980198, -0.0, 0.0, 0.0, 0.0, 1.0],
                [1.0, -0.0, 2e-06, -0.0, -0.0, 0.980197, 0.198023, 0.37472, -2e-06, -0.198023, 0.980198, -0.0, 0.0, 0.0, 0.0, 1.0],
                [1.0, -0.0, 2e-06, -0.0, -0.0, 0.980197, 0.198023, 0.37472, -2e-06, -0.198023, 0.980198, -0.0, 0.0, 0.0, 0.0, 1.0],
                [1.0, -0.0, 2e-06, -0.0, -0.0, 0.980197, 0.198023, 0.37472, -2e-06, -0.198023, 0.980198, -0.0, 0.0, 0.0, 0.0, 1.0],
                [1.0, -0.0, 2e-06, -0.0, -0.0, 0.980197, 0.198023, 0.37472, -2e-06, -0.198023, 0.980198, -0.0, 0.0, 0.0, 0.0, 1.0],
                [1.0, -0.0, 2e-06, -0.0, -0.0, 0.980197, 0.198023, 0.37472, -2e-06, -0.198023, 0.980198, -0.0, 0.0, 0.0, 0.0, 1.0],
                [1.0, -0.0, 2e-06, 0.0, -0.0, 0.980197, 0.198023, 0.37472, -2e-06, -0.198023, 0.980198, -0.0, 0.0, 0.0, 0.0, 1.0],
                [1.0, -0.0, 2e-06, 0.0, -0.0, 0.980197, 0.198023, 0.37472, -2e-06, -0.198023, 0.980198, -0.0, 0.0, 0.0, 0.0, 1.0],
                [1.0, -0.0, 2e-06, 0.0, -0.0, 0.980197, 0.198023, 0.37472, -2e-06, -0.198023, 0.980198, 0.0, 0.0, 0.0, 0.0, 1.0],
                [1.0, -0.0, 2e-06, 0.0, -0.0, 0.980197, 0.198023, 0.37472, -2e-06, -0.198023, 0.980198, 0.0, 0.0, 0.0, 0.0, 1.0],
                [1.0, -0.0, 2e-06, -0.0, -0.0, 0.980197, 0.198023, 0.37472, -2e-06, -0.198023, 0.980198, 0.0, 0.0, 0.0, 0.0, 1.0],
                [1.0, -0.0, 2e-06, -0.0, -0.0, 0.980197, 0.198023, 0.37472, -2e-06, -0.198023, 0.980198, 0.0, 0.0, 0.0, 0.0, 1.0]
            ]
        },
        {
            "name": "Knee_L",
            "time": [0.0, 0.0333, 0.1333, 0.2833, 0.3167, 0.35, 0.3833, 0.4, 0.4167, 0.4333, 0.4667, 0.5833, 0.6333],
            "transform": [
                [1.0, 0.0, -0.0, 0.0, -0.0, 0.0, -1.0, 0.37472, -0.0, 1.0, 0.0, -0.0, 0.0, 0.0, 0.0, 1.0],
                [1.0, 0.0, -0.0, -0.0, -0.0, 0.0, -1.0, 0.37472, -0.0, 1.0, 0.0, -0.0, 0.0, 0.0, 0.0, 1.0],
                [1.0, 0.0, -0.0, -0.0, -0.0, 0.0, -1.0, 0.37472, -0.0, 1.0, 0.0, -0.0, 0.0, 0.0, 0.0, 1.0],
                [1.0, 0.0, -0.0, -0.0, -0.0, 0.0, -1.0, 0.37472, -0.0, 1.0, 0.0, -0.0, 0.0, 0.0, 0.0, 1.0],
                [1.0, 0.0, -0.0, -0.0, -0.0, 0.0, -1.0, 0.37472, -0.0, 1.0, 0.0, -0.0, 0.0, 0.0, 0.0, 1.0],
                [1.0, 0.0, -0.0, -0.0, -0.0, 0.0, -1.0, 0.37472, -0.0, 1.0, 0.0, -0.0, 0.0, 0.0, 0.0, 1.0],
                [1.0, 0.0, -0.0, -0.0, -0.0, 0.0, -1.0, 0.37472, -0.0, 1.0, 0.0, -0.0, 0.0, 0.0, 0.0, 1.0],
                [1.0, 0.0, -0.0, 0.0, -0.0, 0.0, -1.0, 0.37472, -0.0, 1.0, 0.0, -0.0, 0.0, 0.0, 0.0, 1.0],
                [1.0, 0.0, -0.0, 0.0, -0.0, 0.0, -1.0, 0.37472, -0.0, 1.0, 0.0, -0.0, 0.0, 0.0, 0.0, 1.0],
                [1.0, 0.0, -0.0, 0.0, -0.0, 0.0, -1.0, 0.37472, -0.0, 1.0, 0.0, 0.0, 0.0, 0.0, 0.0, 1.0],
                [1.0, 0.0, -0.0, 0.0, -0.0, 0.0, -1.0, 0.37472, -0.0, 1.0, 0.0, 0.0, 0.0, 0.0, 0.0, 1.0],
                [1.0, 0.0, -0.0, -0.0, -0.0, 0.0, -1.0, 0.37472, -0.0, 1.0, 0.0, 0.0, 0.0, 0.0, 0.0, 1.0],
                [1.0, 0.0, -0.0, -0.0, -0.0, 0.0, -1.0, 0.37472, -0.0, 1.0, 0.0, 0.0, 0.0, 0.0, 0.0, 1.0]
            ]
        },
        {
            "name": "Torso",
            "time": [0.0, 0.0833, 0.2, 0.2833, 0.3167, 0.35, 0.3833, 0.4167, 0.45, 0.4833, 0.6333],
            "transform": [
                [1.0, 0.0, 0.0, 0.0, 0.0, 1.0, 0.0, 0.05, -0.0, 0.0, 1.0, -0.0, 0.0, 0.0, 0.0, 1.0],
                [0.724138, 0.0, -0.689655, 0.0, 0.0, 1.0, -0.0, 0.05, 0.689655, 0.0, 0.724138, 0.0, 0.0, 0.0, 0.0, 1.0],
                [1.0, 0.0, 0.0, 0.0, 0.0, 1.0, 0.0, 0.05, -0.0, 0.0, 1.0, 0.0, 0.0, 0.0, 0.0, 1.0],
                [0.724138, 0.0, -0.689655, 0.0, 0.0, 1.0, -0.0, 0.05, 0.689655, 0.0, 0.724138, 0.0, 0.0, 0.0, 0.0, 1.0],
                [0.923077, 0.0, 0.384615, 0.0, 0.0, 1.0, 0.0, 0.05, -0.384615, 0.0, 0.923077, 0.0, 0.0, 0.0, 0.0, 1.0],
                [0.923077, 0.0, 0.384615, 0.0, 0.0, 1.0, 0.0, 0.05, -0.384615, 0.0, 0.923077, 0.0, 0.0, 0.0, 0.0, 1.0],
                [0.923077, 0.0, 0.384615, -0.0, 0.0, 1.0, -0.0, 0.05, -0.384615, -0.0, 0.923077, -0.0, 0.0, 0.0, 0.0, 1.0],
                [0.923077, 0.0, 0.384615, -0.0, -0.0, 1.0, 0.0, 0.05, -0.384615, -0.0, 0.923077, 0.0, 0.0, 0.0, 0.0, 1.0],
                [0.923077, 0.0, 0.384615, -0.0, -0.0, 1.0, 0.0, 0.05, -0.384615, -0.0, 0.923077, -0.0, 0.0, 0.0, 0.0, 1.0],
                [0.923077, 0.0, 0.384615, -0.0, -0.0, 1.0, 0.0, 0.05, -0.384615, -0.0, 0.923077, 0.0, 0.0, 0.0, 0.0, 1.0],
                [0.923077, 0.0, 0.384615, -0.0, -0.0, 1.0, 0.0, 0.05, -0.384615, -0.0, 0.923077, 0.0, 0.0, 0.0, 0.0, 1.0]
            ]
        },
        {
            "name": "Chest",
            "time": [0.0, 0.0333, 0.1333, 0.2833, 0.3167, 0.35, 0.3833, 0.4, 0.4167, 0.4667, 0.6333],
            "transform": [
                [0.923045, 0.0, -0.384692, -0.0, 0.0, 1.0, 0.0, 0.3, 0.384693, 0.0, 0.923045, -0.0, 0.0, 0.0, 0.0, 1.0],
                [0.923045, -0.0, -0.384692, 0.0, -0.0, 1.0, -0.0, 0.3, 0.384692, 0.0, 0.923045, -0.0, 0.0, 0.0, 0.0, 1.0],
                [0.923045, -0.0, -0.384692, 0.0, -0.0, 1.0, 0.0, 0.3, 0.384692, 0.0, 0.923045, 0.0, 0.0, 0.0, 0.0, 1.0],
                [0.923045, -0.0, -0.384692, -0.0, -0.0, 1.0, -0.0, 0.3, 0.384692, -0.0, 0.923045, 0.0, 0.0, 0.0, 0.0, 1.0],
                [0.923045, -0.0, -0.384692, 0.0, 0.0, 1.0, -0.0, 0.3, 0.384693, -0.0, 0.923045, 0.0, 0.0, 0.0, 0.0, 1.0],
                [0.923045, -0.0, -0.384692, 0.0, 0.0, 1.0, -0.0, 0.3, 0.384693, -0.0, 0.923045, 0.0, 0.0, 0.0, 0.0, 1.0],
                [0.923045, -0.0, -0.384692, -0.0, 0.0, 1.0, 0.0, 0.3, 0.384693, -0.0, 0.923045, 0.0, 0.0, 0.0, 0.0, 1.0],
                [0.923045, 0.0, -0.384692, 0.0, -0.0, 1.0, 0.0, 0.3, 0.384692, -0.0, 0.923045, 0.0, 0.0, 0.0, 0.0, 1.0],
                [1.0, 0.0, 0.0, 0.0, -0.0, 1.0, -0.0, 0.3, -0.0, -0.0, 1.0, 0.0, 0.0, 0.0, 0.0, 1.0],
                [0.923045, 0.0, -0.384692, 0.0, -0.0, 1.0, 0.0, 0.3, 0.384692, -0.0, 0.923045, 0.0, 0.0, 0.0, 0.0, 1.0],
                [0.923045, 0.0, -0.384692, 0.0, -0.0, 1.0, 0.0, 0.3, 0.384692, -0.0, 0.923045, 0.0, 0.0, 0.0, 0.0, 1.0]
            ]
        },
        {
            "name": "Head",
            "time": [0.0, 0.0333, 0.1333, 0.2833, 0.3167, 0.35, 0.3833, 0.4, 0.4167, 0.6333],
            "transform": [
                [0.474337, -0.08761, 0.875973, 0.0, -0.08761, 0.985398, 0.145995, 0.4, -0.875973, -0.145995, 0.459736, 0.0, 0.0, 0.0, 0.0, 1.0],
                [0.474337, -0.08761, 0.875973, 0.0, -0.08761, 0.985398, 0.145995, 0.4, -0.875973, -0.145995, 0.459736, -0.0, 0.0, 0.0, 0.0, 1.0],
                [0.474337, -0.08761, 0.875973, -0.0, -0.08761, 0.985398, 0.145995, 0.4, -0.875973, -0.145995, 0.459736, -0.0, 0.0, 0.0, 0.0, 1.0],
                [0.474337, -0.08761, 0.875973, -0.0, -0.08761, 0.985398, 0.145995, 0.4, -0.875973, -0.145995, 0.459736, 0.0, 0.0, 0.0, 0.0, 1.0],
                [0.474338, -0.08761, 0.875973, -0.0, -0.08761, 0.985398, 0.145995, 0.4, -0.875973, -0.145995, 0.459736, -0.0, 0.0, 0.0, 0.0, 1.0],
                [0.474338, -0.08761, 0.875973, -0.0, -0.08761, 0.985398, 0.145995, 0.4, -0.875973, -0.145995, 0.459736, -0.0, 0.0, 0.0, 0.0, 1.0],
                [0.980386, -0.019614, 0.196107, 0.0, -0.019614, 0.980386, 0.196107, 0.4, -0.196107, -0.196107, 0.960773, -0.0, 0.0, 0.0, 0.0, 1.0],
                [0.956404, 0.029064, -0.290598, 0.0, 0.029064, 0.980624, 0.193732, 0.4, 0.290598, -0.193732, 0.937028, 0.0, 0.0, 0.0, 0.0, 1.0],
                [0.836319, 0.05456, -0.545521, 0.0, 0.05456, 0.981813, 0.18184, 0.4, 0.545522, -0.181841, 0.818132, 0.0, 0.0, 0.0, 0.0, 1.0],
                [0.836319, 0.05456, -0.545522, -0.0, 0.05456, 0.981813, 0.18184, 0.4, 0.545522, -0.18184, 0.818132, 0.0, 0.0, 0.0, 0.0, 1.0]
            ]
        },
        {
            "name": "Shoulder_R",
            "time": [0.0, 0.0333, 0.1333, 0.2833, 0.3167, 0.35, 0.3833, 0.4, 0.4167, 0.4333, 0.4667, 0.5833, 0.6333],
            "transform": [
                [0.0, 0.952114, 0.305743, 0.0, 0.0, -0.305743, 0.952114, 0.4, 1.0, -0.0, -0.0, 0.0, 0.0, 0.0, 0.0, 1.0],
                [0.0, 0.952114, 0.305743, 0.0, 0.0, -0.305743, 0.952114, 0.4, 1.0, 0.0, -0.0, -0.0, 0.0, 0.0, 0.0, 1.0],
                [0.0, 0.952114, 0.305743, -0.0, 0.0, -0.305743, 0.952114, 0.4, 1.0, -0.0, -0.0, -0.0, 0.0, 0.0, 0.0, 1.0],
                [0.0, 0.952114, 0.305743, -0.0, 0.0, -0.305743, 0.952114, 0.4, 1.0, 0.0, -0.0, 0.0, 0.0, 0.0, 0.0, 1.0],
                [0.0, 0.952114, 0.305743, -0.0, 0.0, -0.305743, 0.952114, 0.4, 1.0, -0.0, -0.0, -0.0, 0.0, 0.0, 0.0, 1.0],
                [0.0, 0.952114, 0.305743, -0.0, 0.0, -0.305743, 0.952114, 0.4, 1.0, -0.0, -0.0, -0.0, 0.0, 0.0, 0.0, 1.0],
                [0.0, 0.952114, 0.305743, 0.0, 0.0, -0.305743, 0.952114, 0.4, 1.0, -0.0, -0.0, -0.0, 0.0, 0.0, 0.0, 1.0],
                [0.0, 0.952114, 0.305743, 0.0, 0.0, -0.305743, 0.952114, 0.4, 1.0, 0.0, -0.0, 0.0, 0.0, 0.0, 0.0, 1.0],
                [0.0, 0.952114, 0.305743, 0.0, 0.0, -0.305743, 0.952114, 0.4, 1.0, 0.0, -0.0, 0.0, 0.0, 0.0, 0.0, 1.0],
                [0.0, 0.952114, 0.305743, 0.0, 0.0, -0.305743, 0.952114, 0.4, 1.0, 0.0, -0.0, -0.0, 0.0, 0.0, 0.0, 1.0],
                [0.0, 0.952114, 0.305743, -0.0, 0.0, -0.305743, 0.952114, 0.4, 1.0, 0.0, -0.0, 0.0, 0.0, 0.0, 0.0, 1.0],
                [0.0, 0.952114, 0.305743, -0.0, 0.0, -0.305743, 0.952114, 0.4, 1.0, 0.0, -0.0, 0.0, 0.0, 0.0, 0.0, 1.0],
                [0.0, 0.952114, 0.305743, -0.0, 0.0, -0.305743, 0.952114, 0.4, 1.0, 0.0, -0.0, 0.0, 0.0, 0.0, 0.0, 1.0]
            ]
        },
        {
            "name": "Arm_R",
            "time": [0.0, 0.0333, 0.1333, 0.2833, 0.3167, 0.35, 0.3833, 0.4, 0.4167, 0.4333, 0.45, 0.5833, 0.6333],
            "transform": [
                [0.380911, -0.761822, 0.523959, -0.0, 0.848293, 0.513384, 0.129749, 0.39386, -0.367838, 0.395048, 0.841803, -0.0, 0.0, 0.0, 0.0, 1.0],
                [0.380911, -0.761822, 0.523959, 0.0, 0.848293, 0.513384, 0.129749, 0.393861, -0.367838, 0.395048, 0.841803, 0.0, 0.0, 0.0, 0.0, 1.0],
                [0.380911, -0.761822, 0.523959, -0.0, 0.848293, 0.513384, 0.129749, 0.393861, -0.367838, 0.395048, 0.841803, 0.0, 0.0, 0.0, 0.0, 1.0],
                [-0.175356, 0.284217, 0.942587, -0.0, 0.707582, 0.702082, -0.080062, 0.393861, -0.684528, 0.652918, -0.324221, -0.0, 0.0, 0.0, 0.0, 1.0],
                [0.178325, -0.312067, 0.933174, -0.0, 0.753651, 0.653054, 0.074372, 0.39386, -0.632622, 0.690026, 0.351645, -0.0, 0.0, 0.0, 0.0, 1.0],
                [0.178325, -0.312067, 0.933174, -0.0, 0.753651, 0.653054, 0.074372, 0.39386, -0.632622, 0.690026, 0.351645, -0.0, 0.0, 0.0, 0.0, 1.0],
                [-0.169479, 0.233034, 0.957586, 0.0, 0.592025, 0.800865, -0.090115, 0.39386, -0.787898, 0.551643, -0.273692, -0.0, 0.0, 0.0, 0.0, 1.0],
                [-0.052819, 0.08253, 0.995188, 0.0, 0.677082, 0.735481, -0.025057, 0.39386, -0.73401, 0.6725, -0.094727, -0.0, 0.0, 0.0, 0.0, 1.0],
                [0.178325, -0.312067, 0.933174, -0.0, 0.753651, 0.653054, 0.074372, 0.39386, -0.632622, 0.690025, 0.351645, 0.0, 0.0, 0.0, 0.0, 1.0],
                [0.384258, -0.749357, 0.539268, 0.0, 0.751116, 0.593384, 0.289345, 0.39386, -0.536816, 0.29387, 0.790866, -0.0, 0.0, 0.0, 0.0, 1.0],
                [0.524931, -0.80909, -0.264238, 0.0, 0.723927, 0.261137, 0.638543, 0.39386, -0.447636, -0.52648, 0.7228, -0.0, 0.0, 0.0, 0.0, 1.0],
                [0.55476, -0.701869, -0.446789, -0.0, 0.70623, 0.113338, 0.698852, 0.39386, -0.439865, -0.703231, 0.558556, 0.0, 0.0, 0.0, 0.0, 1.0],
                [0.55476, -0.701869, -0.446789, -0.0, 0.70623, 0.113338, 0.698852, 0.39386, -0.439865, -0.703231, 0.558556, 0.0, 0.0, 0.0, 0.0, 1.0]
            ]
        },
        {
            "name": "Hand_R",
            "time": [0.0, 0.0333, 0.1333, 0.2833, 0.3167, 0.35, 0.3833, 0.4, 0.4167, 0.4333, 0.4667, 0.5833, 0.6333],
            "transform": [
                [1.0, 0.0, 0.0, 0.0, -0.0, 0.684064, -0.729422, 0.3, -0.0, 0.729422, 0.684064, 0.0, 0.0, 0.0, 0.0, 1.0],
                [1.0, -0.0, 0.0, -0.0, 0.0, 0.684064, -0.729422, 0.3, -0.0, 0.729422, 0.684064, -0.0, 0.0, 0.0, 0.0, 1.0],
                [1.0, 0.0, 0.0, -0.0, -0.0, 0.684064, -0.729422, 0.3, -0.0, 0.729422, 0.684064, 0.0, 0.0, 0.0, 0.0, 1.0],
                [1.0, 0.0, -0.0, -0.0, -0.0, 0.684064, -0.729422, 0.3, 0.0, 0.729422, 0.684064, -0.0, 0.0, 0.0, 0.0, 1.0],
                [1.0, 0.0, 0.0, 0.0, 0.0, 0.684064, -0.729422, 0.3, -0.0, 0.729422, 0.684064, 0.0, 0.0, 0.0, 0.0, 1.0],
                [1.0, 0.0, 0.0, 0.0, 0.0, 0.684064, -0.729422, 0.3, -0.0, 0.729422, 0.684064, 0.0, 0.0, 0.0, 0.0, 1.0],
                [1.0, 0.0, 0.0, -0.0, -0.0, 0.684064, -0.729422, 0.3, -0.0, 0.729422, 0.684064, 0.0, 0.0, 0.0, 0.0, 1.0],
                [1.0, 0.0, -0.0, -0.0, -0.0, 0.684064, -0.729422, 0.3, -0.0, 0.729422, 0.684064, 0.0, 0.0, 0.0, 0.0, 1.0],
                [1.0, -0.0, 0.0, -0.0, -0.0, 0.684064, -0.729422, 0.3, -0.0, 0.729422, 0.684064, 0.0, 0.0, 0.0, 0.0, 1.0],
                [1.0, 0.0, -0.0, -0.0, 0.0, 0.684064, -0.729422, 0.3, -0.0, 0.729422, 0.684064, 0.0, 0.0, 0.0, 0.0, 1.0],
                [1.0, 0.0, 0.0, 0.0, -0.0, 0.684064, -0.729422, 0.3, -0.0, 0.729422, 0.684064, -0.0, 0.0, 0.0, 0.0, 1.0],
                [1.0, 0.0, -0.0, -0.0, -0.0, 0.684064, -0.729422, 0.3, -0.0, 0.729422, 0.684064, -0.0, 0.0, 0.0, 0.0, 1.0],
                [1.0, 0.0, -0.0, -0.0, -0.0, 0.684064, -0.729422, 0.3, -0.0, 0.729422, 0.684064, -0.0, 0.0, 0.0, 0.0, 1.0]
            ]
        },
        {
            "name": "Tool_R",
            "time": [0.0, 0.0333, 0.1333, 0.2833, 0.3167, 0.35, 0.3833, 0.4, 0.4167, 0.4333, 0.4667, 0.5833, 0.6333],
            "transform": [
                [1.0, 0.0, 0.0, -0.0, 0.0, -0.999836, 0.018122, 0.272858, 0.0, -0.018122, -0.999836, 0.0, 0.0, 0.0, 0.0, 1.0],
                [1.0, 0.0, 0.0, -0.0, 0.0, -0.999836, 0.018122, 0.272858, 0.0, -0.018122, -0.999836, -0.0, 0.0, 0.0, 0.0, 1.0],
                [1.0, 0.0, 0.0, 0.0, 0.0, -0.999836, 0.018122, 0.272858, 0.0, -0.018122, -0.999836, 0.0, 0.0, 0.0, 0.0, 1.0],
                [1.0, -0.0, 0.0, 0.0, 0.0, -0.5666, -0.823994, 0.272858, 0.0, 0.823994, -0.5666, -0.0, 0.0, 0.0, 0.0, 1.0],
                [1.0, -0.0, 0.0, 0.0, 0.0, -0.486501, -0.87368, 0.272858, 0.0, 0.87368, -0.486501, 0.0, 0.0, 0.0, 0.0, 1.0],
                [1.0, -0.0, 0.0, 0.0, 0.0, -0.486501, -0.87368, 0.272858, 0.0, 0.87368, -0.486501, 0.0, 0.0, 0.0, 0.0, 1.0],
                [1.0, -0.0, 0.0, 0.0, 0.0, -0.486501, -0.87368, 0.272858, 0.0, 0.87368, -0.486501, 0.0, 0.0, 0.0, 0.0, 1.0],
                [1.0, -0.0, 0.0, -0.0, 0.0, -0.486501, -0.87368, 0.272858, 0.0, 0.87368, -0.486501, 0.0, 0.0, 0.0, 0.0, 1.0],
                [1.0, -0.0, 0.0, -0.0, 0.0, -0.486501, -0.87368, 0.272858, 0.0, 0.87368, -0.486501, -0.0, 0.0, 0.0, 0.0, 1.0],
                [1.0, -0.0, 0.0, 0.0, 0.0, -0.486501, -0.87368, 0.272858, 0.0, 0.87368, -0.486501, -0.0, 0.0, 0.0, 0.0, 1.0],
                [1.0, -0.0, 0.0, 0.0, 0.0, -0.486501, -0.87368, 0.272858, 0.0, 0.87368, -0.486501, -0.0, 0.0, 0.0, 0.0, 1.0],
                [1.0, -0.0, 0.0, -0.0, 0.0, -0.486501, -0.87368, 0.272858, 0.0, 0.87368, -0.486501, 0.0, 0.0, 0.0, 0.0, 1.0],
                [1.0, -0.0, 0.0, -0.0, 0.0, -0.486501, -0.87368, 0.272858, 0.0, 0.87368, -0.486501, 0.0, 0.0, 0.0, 0.0, 1.0]
            ]
        },
        {
            "name": "Elbow_R",
            "time": [0.0, 0.0333, 0.1333, 0.2833, 0.3167, 0.35, 0.3833, 0.4, 0.4167, 0.4333, 0.4667, 0.5833, 0.6333],
            "transform": [
                [-1.0, 0.0, -0.0, 0.0, 0.0, 0.0, -1.0, 0.381209, -0.0, -1.0, 0.0, 0.0, 0.0, 0.0, 0.0, 1.0],
                [-1.0, 0.0, -0.0, -0.0, 0.0, 0.0, -1.0, 0.381209, -0.0, -1.0, 0.0, -0.0, 0.0, 0.0, 0.0, 1.0],
                [-1.0, 0.0, -0.0, -0.0, 0.0, -0.0, -1.0, 0.381209, -0.0, -1.0, 0.0, 0.0, 0.0, 0.0, 0.0, 1.0],
                [-1.0, 0.0, -0.0, -0.0, 0.0, 0.0, -1.0, 0.381209, -0.0, -1.0, -0.0, 0.0, 0.0, 0.0, 0.0, 1.0],
                [-1.0, 0.0, -0.0, 0.0, -0.0, 0.0, -1.0, 0.381209, -0.0, -1.0, -0.0, 0.0, 0.0, 0.0, 0.0, 1.0],
                [-1.0, 0.0, -0.0, 0.0, -0.0, 0.0, -1.0, 0.381209, -0.0, -1.0, -0.0, 0.0, 0.0, 0.0, 0.0, 1.0],
                [-1.0, 0.0, -0.0, 0.0, 0.0, 0.0, -1.0, 0.381209, -0.0, -1.0, -0.0, 0.0, 0.0, 0.0, 0.0, 1.0],
                [-1.0, 0.0, -0.0, 0.0, 0.0, 0.0, -1.0, 0.381209, -0.0, -1.0, -0.0, 0.0, 0.0, 0.0, 0.0, 1.0],
                [-1.0, 0.0, -0.0, -0.0, 0.0, 0.0, -1.0, 0.381209, -0.0, -1.0, -0.0, 0.0, 0.0, 0.0, 0.0, 1.0],
                [-1.0, 0.0, -0.0, 0.0, 0.0, 0.0, -1.0, 0.381209, -0.0, -1.0, -0.0, 0.0, 0.0, 0.0, 0.0, 1.0],
                [-1.0, 0.0, -0.0, 0.0, 0.0, -0.0, -1.0, 0.381209, -0.0, -1.0, -0.0, -0.0, 0.0, 0.0, 0.0, 1.0],
                [-1.0, 0.0, -0.0, -0.0, 0.0, 0.0, -1.0, 0.381208, -0.0, -1.0, -0.0, -0.0, 0.0, 0.0, 0.0, 1.0],
                [-1.0, 0.0, -0.0, -0.0, 0.0, 0.0, -1.0, 0.381208, -0.0, -1.0, -0.0, -0.0, 0.0, 0.0, 0.0, 1.0]
            ]
        },
        {
            "name": "Shoulder_L",
            "time": [0.0, 0.0833, 0.15, 0.2833, 0.3833, 0.4167, 0.6333],
            "transform": [
                [-0.0, -0.952114, -0.305743, 0.0, 0.0, -0.305743, 0.952114, 0.4, -1.0, 0.0, 0.0, 0.0, 0.0, 0.0, 0.0, 1.0],
                [-0.0, -0.952114, -0.305743, 0.0, 0.0, -0.305743, 0.952114, 0.4, -1.0, 0.0, 0.0, 0.0, 0.0, 0.0, 0.0, 1.0],
                [-0.0, -0.952114, -0.305743, -0.0, 0.0, -0.305743, 0.952114, 0.4, -1.0, 0.0, 0.0, 0.0, 0.0, 0.0, 0.0, 1.0],
                [-0.0, -0.952114, -0.305743, -0.0, 0.0, -0.305743, 0.952114, 0.4, -1.0, 0.0, 0.0, 0.0, 0.0, 0.0, 0.0, 1.0],
                [-0.0, -0.952114, -0.305743, 0.0, 0.0, -0.305743, 0.952114, 0.4, -1.0, 0.0, 0.0, -0.0, 0.0, 0.0, 0.0, 1.0],
                [-0.0, -0.952114, -0.305743, 0.0, 0.0, -0.305743, 0.952114, 0.4, -1.0, 0.0, 0.0, 0.0, 0.0, 0.0, 0.0, 1.0],
                [-0.0, -0.952114, -0.305743, -0.0, 0.0, -0.305743, 0.952114, 0.4, -1.0, 0.0, 0.0, 0.0, 0.0, 0.0, 0.0, 1.0]
            ]
        },
        {
            "name": "Arm_L",
            "time": [0.0, 0.0333, 0.1333, 0.2833, 0.4, 0.4167, 0.4333, 0.4667, 0.5833, 0.6333],
            "transform": [
                [-0.254727, 0.764458, 0.592215, 0.0, -0.197564, 0.558358, -0.805732, 0.39386, -0.946616, -0.322242, 0.008801, -0.0, 0.0, 0.0, 0.0, 1.0],
                [0.464811, 0.885368, -0.00866, 0.0, 0.733707, -0.390628, -0.555954, 0.39386, -0.495606, 0.252059, -0.831168, 0.0, 0.0, 0.0, 0.0, 1.0],
                [-0.297974, 0.834477, 0.46353, -0.0, 0.412819, 0.550481, -0.725638, 0.39386, -0.860693, -0.024868, -0.508517, 0.0, 0.0, 0.0, 0.0, 1.0],
                [-0.297974, 0.834477, 0.46353, -0.0, 0.412819, 0.550481, -0.725638, 0.39386, -0.860693, -0.024868, -0.508517, 0.0, 0.0, 0.0, 0.0, 1.0],
                [-0.297974, 0.834477, 0.463529, 0.0, 0.412819, 0.550481, -0.725638, 0.39386, -0.860693, -0.024868, -0.508517, 0.0, 0.0, 0.0, 0.0, 1.0],
                [-0.297974, 0.834477, 0.463529, 0.0, 0.412819, 0.550481, -0.725638, 0.39386, -0.860693, -0.024868, -0.508517, 0.0, 0.0, 0.0, 0.0, 1.0],
                [-0.305568, 0.769664, 0.560577, -0.0, 0.417213, 0.637437, -0.647771, 0.39386, -0.855898, 0.035942, -0.515894, -0.0, 0.0, 0.0, 0.0, 1.0],
                [-0.366127, 0.101713, 0.924989, 0.0, 0.417636, 0.906239, 0.065657, 0.39386, -0.831583, 0.410348, -0.374278, 0.0, 0.0, 0.0, 0.0, 1.0],
                [-0.354035, -0.657165, 0.665427, 0.0, 0.360463, 0.560655, 0.745475, 0.39386, -0.862975, 0.503786, 0.038392, 0.0, 0.0, 0.0, 0.0, 1.0],
                [-0.354035, -0.657165, 0.665427, 0.0, 0.360463, 0.560655, 0.745475, 0.39386, -0.862975, 0.503786, 0.038392, 0.0, 0.0, 0.0, 0.0, 1.0]
            ]
        },
        {
            "name": "Hand_L",
            "time": [0.0, 0.0333, 0.1333, 0.2833, 0.3833, 0.4, 0.4167, 0.4333, 0.4667, 0.5833, 0.6333],
            "transform": [
                [0.865672, -0.223881, -0.447761, -0.0, -0.173293, 0.705116, -0.687591, 0.3, 0.469662, 0.672822, 0.571602, -0.0, 0.0, 0.0, 0.0, 1.0],
                [0.883725, -0.262316, -0.387582, 0.0, -0.218112, 0.501877, -0.836986, 0.3, 0.414073, 0.824202, 0.386308, -0.0, 0.0, 0.0, 0.0, 1.0],
                [0.969646, -0.222597, -0.10118, -0.0, -0.210123, -0.546964, -0.810357, 0.3, 0.125041, 0.80702, -0.577134, -0.0, 0.0, 0.0, 0.0, 1.0],
                [0.969646, -0.222597, -0.10118, -0.0, -0.210123, -0.546964, -0.810357, 0.3, 0.125041, 0.80702, -0.577134, -0.0, 0.0, 0.0, 0.0, 1.0],
                [0.969646, -0.222597, -0.10118, -0.0, -0.210123, -0.546964, -0.810357, 0.3, 0.125041, 0.80702, -0.577134, 0.0, 0.0, 0.0, 0.0, 1.0],
                [0.969646, -0.222597, -0.10118, 0.0, -0.210123, -0.546964, -0.810357, 0.3, 0.125041, 0.80702, -0.577134, 0.0, 0.0, 0.0, 0.0, 1.0],
                [0.969646, -0.222597, -0.10118, 0.0, -0.210123, -0.546964, -0.810357, 0.3, 0.125041, 0.80702, -0.577134, 0.0, 0.0, 0.0, 0.0, 1.0],
                [0.977672, -0.163742, -0.131708, 0.0, -0.148268, -0.093361, -0.984531, 0.3, 0.148912, 0.982076, -0.115554, 0.0, 0.0, 0.0, 0.0, 1.0],
                [0.995326, -0.034273, -0.090281, -0.0, -0.024139, 0.816918, -0.576248, 0.3, 0.093502, 0.575734, 0.812273, 0.0, 0.0, 0.0, 0.0, 1.0],
                [0.997616, -0.017486, -0.066764, -0.0, -0.010039, 0.920316, -0.391046, 0.3, 0.068282, 0.390784, 0.917946, -0.0, 0.0, 0.0, 0.0, 1.0],
                [0.997616, -0.017486, -0.066764, -0.0, -0.010039, 0.920316, -0.391046, 0.3, 0.068282, 0.390784, 0.917946, -0.0, 0.0, 0.0, 0.0, 1.0]
            ]
        },
        {
            "name": "Tool_L",
            "time": [0.0, 0.0333, 0.1333, 0.2833, 0.3167, 0.35, 0.3833, 0.4, 0.4167, 0.4333, 0.4667, 0.5833, 0.6333],
            "transform": [
                [1.0, -0.0, 0.0, -0.0, 0.0, -0.736517, -0.676419, 0.272858, 0.0, 0.676419, -0.736517, -0.0, 0.0, 0.0, 0.0, 1.0],
                [1.0, -0.0, 0.0, -0.0, 0.0, -0.736517, -0.676419, 0.272858, 0.0, 0.676419, -0.736517, -0.0, 0.0, 0.0, 0.0, 1.0],
                [1.0, -0.0, 0.0, -0.0, 0.0, -0.736517, -0.676419, 0.272858, 0.0, 0.676419, -0.736517, 0.0, 0.0, 0.0, 0.0, 1.0],
                [1.0, -0.0, 0.0, 0.0, 0.0, -0.736517, -0.676419, 0.272858, 0.0, 0.676419, -0.736517, -0.0, 0.0, 0.0, 0.0, 1.0],
                [1.0, -0.0, 0.0, -0.0, 0.0, -0.736517, -0.676419, 0.272858, 0.0, 0.676419, -0.736517, -0.0, 0.0, 0.0, 0.0, 1.0],
                [1.0, -0.0, 0.0, -0.0, 0.0, -0.736517, -0.676419, 0.272858, 0.0, 0.676419, -0.736517, -0.0, 0.0, 0.0, 0.0, 1.0],
                [1.0, -0.0, 0.0, 0.0, 0.0, -0.736517, -0.676419, 0.272858, 0.0, 0.676419, -0.736517, -0.0, 0.0, 0.0, 0.0, 1.0],
                [1.0, -0.0, 0.0, 0.0, 0.0, -0.736517, -0.676419, 0.272858, 0.0, 0.676419, -0.736517, 0.0, 0.0, 0.0, 0.0, 1.0],
                [1.0, -0.0, 0.0, -0.0, 0.0, -0.736517, -0.676419, 0.272858, 0.0, 0.676419, -0.736517, -0.0, 0.0, 0.0, 0.0, 1.0],
                [1.0, -0.0, 0.0, 0.0, 0.0, -0.736517, -0.676419, 0.272858, 0.0, 0.676419, -0.736517, -0.0, 0.0, 0.0, 0.0, 1.0],
                [1.0, -0.0, 0.0, 0.0, 0.0, -0.736517, -0.676419, 0.272858, 0.0, 0.676419, -0.736517, -0.0, 0.0, 0.0, 0.0, 1.0],
                [1.0, -0.0, 0.0, -0.0, -0.0, -0.736517, -0.676419, 0.272858, 0.0, 0.676419, -0.736517, 0.0, 0.0, 0.0, 0.0, 1.0],
                [1.0, -0.0, 0.0, -0.0, -0.0, -0.736517, -0.676419, 0.272858, 0.0, 0.676419, -0.736517, 0.0, 0.0, 0.0, 0.0, 1.0]
            ]
        },
        {
            "name": "Elbow_L",
            "time": [0.0, 0.0333, 0.1333, 0.2833, 0.3167, 0.35, 0.3833, 0.4, 0.4167, 0.4333, 0.4667, 0.5833, 0.6333],
            "transform": [
                [-1.0, 0.0, 0.0, -0.0, 0.0, -0.0, -1.0, 0.427755, -0.0, -1.0, -0.0, -0.0, 0.0, 0.0, 0.0, 1.0],
                [-1.0, 0.0, -0.0, 0.0, -0.0, -0.0, -1.0, 0.427755, -0.0, -1.0, 0.0, -0.0, 0.0, 0.0, 0.0, 1.0],
                [-1.0, 0.0, -0.0, -0.0, 0.0, -0.0, -1.0, 0.427755, -0.0, -1.0, 0.0, -0.0, 0.0, 0.0, 0.0, 1.0],
                [-1.0, 0.0, -0.0, -0.0, 0.0, -0.0, -1.0, 0.427755, -0.0, -1.0, 0.0, -0.0, 0.0, 0.0, 0.0, 1.0],
                [-1.0, 0.0, -0.0, -0.0, 0.0, -0.0, -1.0, 0.427755, -0.0, -1.0, 0.0, 0.0, 0.0, 0.0, 0.0, 1.0],
                [-1.0, 0.0, -0.0, -0.0, 0.0, -0.0, -1.0, 0.427755, -0.0, -1.0, 0.0, 0.0, 0.0, 0.0, 0.0, 1.0],
                [-1.0, 0.0, -0.0, -0.0, 0.0, -0.0, -1.0, 0.427755, -0.0, -1.0, 0.0, 0.0, 0.0, 0.0, 0.0, 1.0],
                [-1.0, 0.0, -0.0, 0.0, 0.0, -0.0, -1.0, 0.427755, -0.0, -1.0, 0.0, 0.0, 0.0, 0.0, 0.0, 1.0],
                [-1.0, 0.0, -0.0, 0.0, 0.0, -0.0, -1.0, 0.427755, -0.0, -1.0, 0.0, 0.0, 0.0, 0.0, 0.0, 1.0],
                [-1.0, 0.0, -0.0, 0.0, 0.0, -0.0, -1.0, 0.427755, -0.0, -1.0, 0.0, 0.0, 0.0, 0.0, 0.0, 1.0],
                [-1.0, 0.0, -0.0, -0.0, 0.0, -0.0, -1.0, 0.427755, -0.0, -1.0, -0.0, 0.0, 0.0, 0.0, 0.0, 1.0],
                [-1.0, 0.0, 0.0, -0.0, 0.0, -0.0, -1.0, 0.427755, -0.0, -1.0, 0.0, -0.0, 0.0, 0.0, 0.0, 1.0],
                [-1.0, 0.0, 0.0, -0.0, 0.0, -0.0, -1.0, 0.427755, -0.0, -1.0, 0.0, -0.0, 0.0, 0.0, 0.0, 1.0]
            ]
        }
    ]
}