{
    "animation": [
        {
            "name": "Root",
            "time": [0.0, 0.8333, 1.5667, 2.8333, 3.1667, 4.2333],
            "transform": [
                [0.854689, 0.0, -0.51914, -5e-06, -0.51914, 0.0, -0.854689, 0.000946, 0.0, 1.0, 0.0, 0.755725, 0.0, 0.0, 0.0, 1.0],
                [0.854689, 0.0, -0.51914, 0.001166, -0.51914, 0.0, -0.854689, 0.129453, 0.0, 1.0, 0.0, 0.754661, 0.0, 0.0, 0.0, 1.0],
                [0.854689, 0.0, -0.51914, 0.002873, -0.51914, 0.0, -0.854689, 0.331418, 0.0, 1.0, 0.0, 0.756046, 0.0, 0.0, 0.0, 1.0],
                [0.854689, 0.0, -0.51914, 0.002831, -0.51914, 0.0, -0.854689, 0.326767, 0.0, 1.0, 0.0, 0.756085, 0.0, 0.0, 0.0, 1.0],
                [0.854689, 0.0, -0.51914, 0.002831, -0.51914, 0.0, -0.854689, 0.326767, 0.0, 1.0, 0.0, 0.756085, 0.0, 0.0, 0.0, 1.0],
                [0.854689, 0.0, -0.51914, 0.002935, -0.51914, 0.0, -0.854689, 0.384128, 0.0, 1.0, 0.0, 0.765291, 0.0, 0.0, 0.0, 1.0]
            ]
        },
        {
            "name": "Thigh_R",
            "time": [0.0, 0.8333, 1.5667, 2.8333, 3.1667, 4.2333],
            "transform": [
                [0.962765, 0.059156, -0.263788, 0.089257, 0.106329, -0.979981, 0.168307, -0.001866, -0.248551, -0.190088, -0.949784, -0.059943, 0.0, 0.0, 0.0, 1.0],
                [0.963991, -0.020573, -0.265137, 0.089257, 0.138402, -0.812528, 0.566251, -0.001866, -0.227081, -0.582556, -0.780424, -0.059943, 0.0, 0.0, 0.0, 1.0],
                [0.967371, -0.009292, -0.253193, 0.089257, 0.068096, -0.95302, 0.295149, -0.001866, -0.244041, -0.302759, -0.921293, -0.059943, 0.0, 0.0, 0.0, 1.0],
                [0.967371, -0.009292, -0.253193, 0.089257, 0.068096, -0.95302, 0.295149, -0.001866, -0.244041, -0.302759, -0.921293, -0.059943, 0.0, 0.0, 0.0, 1.0],
                [0.967371, -0.009292, -0.253193, 0.089257, 0.068096, -0.95302, 0.295149, -0.001866, -0.244041, -0.302759, -0.921293, -0.059943, 0.0, 0.0, 0.0, 1.0],
                [0.962765, 0.059156, -0.263788, 0.089257, 0.106329, -0.979981, 0.168307, -0.001866, -0.248551, -0.190088, -0.949784, -0.059943, 0.0, 0.0, 0.0, 1.0]
            ]
        },
        {
            "name": "Leg_R",
            "time": [0.0, 0.8333, 1.5667, 2.8333, 3.1667, 4.2333],
            "transform": [
                [1.0, -0.0, 2e-06, 0.0, -0.0, 0.966099, 0.258173, 0.37472, -2e-06, -0.258173, 0.966098, 0.0, 0.0, 0.0, 0.0, 1.0],
                [0.995135, 0.098216, 0.007712, 0.0, -0.084438, 0.809961, 0.580373, 0.37472, 0.050756, -0.578202, 0.814313, 0.0, 0.0, 0.0, 0.0, 1.0],
                [0.999928, 0.011916, -0.001153, 0.0, -0.011038, 0.954926, 0.296641, 0.37472, 0.004636, -0.296607, 0.954988, -0.0, 0.0, 0.0, 0.0, 1.0],
                [0.999928, 0.011916, -0.001153, -0.0, -0.011038, 0.954926, 0.296641, 0.37472, 0.004636, -0.296607, 0.954988, 0.0, 0.0, 0.0, 0.0, 1.0],
                [0.999928, 0.011916, -0.001153, -0.0, -0.011038, 0.954926, 0.296641, 0.37472, 0.004636, -0.296607, 0.954988, 0.0, 0.0, 0.0, 0.0, 1.0],
                [1.0, -0.0, 2e-06, 0.0, -0.0, 0.966099, 0.258173, 0.37472, -2e-06, -0.258173, 0.966098, -0.0, 0.0, 0.0, 0.0, 1.0]
            ]
        },
        {
            "name": "Knee_R",
            "time": [0.0, 0.8333, 1.5667, 2.8333, 3.1667, 4.2333],
            "transform": [
                [1.0, 0.0, -0.0, 0.0, -0.0, 0.0, -1.0, 0.37472, -0.0, 1.0, 0.0, 0.0, 0.0, 0.0, 0.0, 1.0],
                [1.0, 0.0, -0.0, 0.0, -0.0, 0.0, -1.0, 0.37472, -0.0, 1.0, 0.0, 0.0, 0.0, 0.0, 0.0, 1.0],
                [1.0, 0.0, -0.0, 0.0, -0.0, 0.0, -1.0, 0.37472, -0.0, 1.0, 0.0, -0.0, 0.0, 0.0, 0.0, 1.0],
                [1.0, 0.0, -0.0, -0.0, -0.0, 0.0, -1.0, 0.37472, -0.0, 1.0, 0.0, 0.0, 0.0, 0.0, 0.0, 1.0],
                [1.0, 0.0, -0.0, -0.0, -0.0, 0.0, -1.0, 0.37472, -0.0, 1.0, 0.0, 0.0, 0.0, 0.0, 0.0, 1.0],
                [1.0, 0.0, -0.0, 0.0, -0.0, 0.0, -1.0, 0.37472, -0.0, 1.0, 0.0, -0.0, 0.0, 0.0, 0.0, 1.0]
            ]
        },
        {
            "name": "Thigh_L",
            "time": [0.0, 0.8333, 1.5667, 2.0, 2.8333, 3.1667, 4.2333],
            "transform": [
                [0.824801, -0.137797, -0.548374, -0.125062, -0.073024, -0.987687, 0.138355, -0.004375, -0.560687, -0.074071, -0.824708, -0.000235, 0.0, 0.0, 0.0, 1.0],
                [0.838622, -0.027938, -0.543996, -0.125062, -0.08314, -0.993547, -0.077142, -0.004375, -0.538331, 0.109921, -0.835534, -0.000235, 0.0, 0.0, 0.0, 1.0],
                [0.859444, 0.061846, -0.507474, -0.125062, -0.12647, -0.93608, -0.328267, -0.004375, -0.495339, 0.346308, -0.796687, -0.000236, 0.0, 0.0, 0.0, 1.0],
                [0.445891, -0.198536, -0.872791, -0.125062, -0.13787, -0.978688, 0.15219, -0.004375, -0.884405, 0.052472, -0.46376, -0.000236, 0.0, 0.0, 0.0, 1.0],
                [0.445891, -0.198536, -0.872791, -0.125062, -0.13787, -0.978688, 0.15219, -0.004375, -0.884405, 0.052472, -0.46376, -0.000235, 0.0, 0.0, 0.0, 1.0],
                [0.445891, -0.198536, -0.872791, -0.125062, -0.13787, -0.978688, 0.15219, -0.004375, -0.884405, 0.052472, -0.46376, -0.000235, 0.0, 0.0, 0.0, 1.0],
                [0.445891, -0.198536, -0.872791, -0.125062, -0.13787, -0.978688, 0.15219, -0.004375, -0.884405, 0.052472, -0.46376, -0.000235, 0.0, 0.0, 0.0, 1.0]
            ]
        },
        {
            "name": "Leg_L",
            "time": [0.0, 0.8333, 1.5667, 2.8333, 3.1667, 4.2333],
            "transform": [
                [1.0, -0.0, 1e-06, 0.0, 0.0, 0.984973, 0.172708, 0.37472, -1e-06, -0.172708, 0.984973, -0.0, 0.0, 0.0, 0.0, 1.0],
                [1.0, -0.0, 1e-06, -0.0, 0.0, 0.984973, 0.172708, 0.37472, -1e-06, -0.172708, 0.984973, -0.0, 0.0, 0.0, 0.0, 1.0],
                [1.0, -0.0, 1e-06, 0.0, 0.0, 0.984973, 0.172708, 0.37472, -1e-06, -0.172708, 0.984973, -0.0, 0.0, 0.0, 0.0, 1.0],
                [1.0, -0.0, 1e-06, -0.0, 0.0, 0.984973, 0.172708, 0.37472, -1e-06, -0.172708, 0.984973, 0.0, 0.0, 0.0, 0.0, 1.0],
                [1.0, -0.0, 1e-06, -0.0, 0.0, 0.984973, 0.172708, 0.37472, -1e-06, -0.172708, 0.984973, 0.0, 0.0, 0.0, 0.0, 1.0],
                [1.0, -0.0, 1e-06, -0.0, 0.0, 0.984973, 0.172708, 0.37472, -1e-06, -0.172708, 0.984973, 0.0, 0.0, 0.0, 0.0, 1.0]
            ]
        },
        {
            "name": "Knee_L",
            "time": [0.0, 0.8333, 1.5667, 2.8333, 3.1667, 4.2333],
            "transform": [
                [1.0, 0.0, -0.0, 0.0, -0.0, 0.0, -1.0, 0.37472, -0.0, 1.0, 0.0, -0.0, 0.0, 0.0, 0.0, 1.0],
                [1.0, 0.0, -0.0, -0.0, -0.0, 0.0, -1.0, 0.37472, -0.0, 1.0, 0.0, -0.0, 0.0, 0.0, 0.0, 1.0],
                [1.0, 0.0, -0.0, 0.0, -0.0, 0.0, -1.0, 0.37472, -0.0, 1.0, 0.0, -0.0, 0.0, 0.0, 0.0, 1.0],
                [1.0, 0.0, -0.0, -0.0, -0.0, 0.0, -1.0, 0.37472, -0.0, 1.0, 0.0, 0.0, 0.0, 0.0, 0.0, 1.0],
                [1.0, 0.0, -0.0, -0.0, -0.0, 0.0, -1.0, 0.37472, -0.0, 1.0, 0.0, 0.0, 0.0, 0.0, 0.0, 1.0],
                [1.0, 0.0, -0.0, -0.0, -0.0, 0.0, -1.0, 0.37472, -0.0, 1.0, 0.0, 0.0, 0.0, 0.0, 0.0, 1.0]
            ]
        },
        {
            "name": "Torso",
            "time": [0.0, 0.8333, 1.5667, 2.8333, 3.1667, 4.2333],
            "transform": [
                [0.941706, -0.027332, 0.335325, -0.0, 0.020667, 0.999512, 0.023431, 0.05, -0.335802, -0.015135, 0.941811, 0.0, 0.0, 0.0, 0.0, 1.0],
                [0.997213, -0.035839, 0.065436, 0.0, 0.03711, 0.999144, -0.018312, 0.05, -0.064723, 0.020689, 0.997689, -0.0, 0.0, 0.0, 0.0, 1.0],
                [0.779288, -0.037973, 0.625514, 0.0, 0.018302, 0.999116, 0.037853, 0.05, -0.626398, -0.01805, 0.779294, -0.0, 0.0, 0.0, 0.0, 1.0],
                [0.799952, -0.304456, 0.517091, -0.0, -0.05304, 0.822479, 0.566318, 0.05, -0.597715, -0.480454, 0.641795, 0.0, 0.0, 0.0, 0.0, 1.0],
                [0.799952, -0.304456, 0.517091, -0.0, -0.05304, 0.822479, 0.566318, 0.05, -0.597715, -0.480454, 0.641795, 0.0, 0.0, 0.0, 0.0, 1.0],
                [0.941706, -0.027332, 0.335325, 0.0, 0.020667, 0.999512, 0.023431, 0.05, -0.335802, -0.015135, 0.941811, 0.0, 0.0, 0.0, 0.0, 1.0]
            ]
        },
        {
            "name": "Chest",
            "time": [0.0, 0.8333, 1.5667, 2.8333, 3.1667, 4.2333],
            "transform": [
                [0.968895, -0.024275, 0.246277, -0.0, 0.031899, 0.999126, -0.027014, 0.3, -0.245406, 0.03403, 0.968823, 0.0, 0.0, 0.0, 0.0, 1.0],
                [0.965453, -0.062764, 0.252904, 0.0, 0.085186, 0.993252, -0.078696, 0.3, -0.246258, 0.097522, 0.964285, 0.0, 0.0, 0.0, 0.0, 1.0],
                [0.968896, -0.024275, 0.246277, -0.0, 0.031899, 0.999126, -0.027014, 0.3, -0.245406, 0.03403, 0.968823, -0.0, 0.0, 0.0, 0.0, 1.0],
                [0.96875, 0.026929, 0.246574, -0.0, -0.103713, 0.946994, 0.304049, 0.3, -0.225316, -0.32012, 0.920193, -0.0, 0.0, 0.0, 0.0, 1.0],
                [0.96875, 0.026929, 0.246574, -0.0, -0.103713, 0.946994, 0.304049, 0.3, -0.225316, -0.32012, 0.920193, -0.0, 0.0, 0.0, 0.0, 1.0],
                [0.968895, -0.024275, 0.246277, 0.0, 0.031899, 0.999126, -0.027014, 0.3, -0.245406, 0.03403, 0.968823, 0.0, 0.0, 0.0, 0.0, 1.0]
            ]
        },
        {
            "name": "Head",
            "time": [0.0, 0.8333, 1.5667, 2.8333, 3.1667, 4.2333],
            "transform": [
                [0.998851, 0.001677, -0.047891, 0.0, 0.001741, 0.997457, 0.071244, 0.4, 0.047889, -0.071245, 0.996309, 0.0, 0.0, 0.0, 0.0, 1.0],
                [0.971259, 0.009235, 0.237847, 0.0, -0.020627, 0.998754, 0.045451, 0.4, -0.237131, -0.049051, 0.970239, 0.0, 0.0, 0.0, 0.0, 1.0],
                [0.996491, 0.011859, -0.082857, 0.0, -0.012792, 0.999861, -0.010741, 0.4, 0.082718, 0.011764, 0.996504, 0.0, 0.0, 0.0, 0.0, 1.0],
                [0.986001, 0.156593, -0.057269, 0.0, -0.126648, 0.926774, 0.353625, 0.4, 0.10845, -0.341421, 0.933633, -0.0, 0.0, 0.0, 0.0, 1.0],
                [0.986001, 0.156593, -0.057269, 0.0, -0.126648, 0.926774, 0.353625, 0.4, 0.10845, -0.341421, 0.933633, -0.0, 0.0, 0.0, 0.0, 1.0],
                [0.998851, 0.001677, -0.047891, 0.0, 0.001741, 0.997457, 0.071244, 0.4, 0.047889, -0.071245, 0.996309, -0.0, 0.0, 0.0, 0.0, 1.0]
            ]
        },
        {
            "name": "Shoulder_R",
            "time": [0.0, 0.8333, 1.5667, 2.8333, 3.1667, 4.2333],
            "transform": [
                [-0.231826, 0.900538, 0.367815, 0.0, -0.035997, -0.385799, 0.92188, 0.4, 0.972091, 0.200476, 0.121855, 0.0, 0.0, 0.0, 0.0, 1.0],
                [-0.231826, 0.900538, 0.367815, 0.0, -0.035997, -0.385799, 0.92188, 0.4, 0.972091, 0.200476, 0.121855, 0.0, 0.0, 0.0, 0.0, 1.0],
                [-0.231826, 0.900538, 0.367815, 0.0, -0.035997, -0.385799, 0.92188, 0.4, 0.972091, 0.200476, 0.121855, 0.0, 0.0, 0.0, 0.0, 1.0],
                [-0.238977, 0.879697, 0.411124, 0.0, -0.037547, -0.431447, 0.901357, 0.4, 0.970299, 0.199967, 0.136136, -0.0, 0.0, 0.0, 0.0, 1.0],
                [-0.238977, 0.879697, 0.411124, 0.0, -0.037547, -0.431447, 0.901357, 0.4, 0.970299, 0.199967, 0.136136, -0.0, 0.0, 0.0, 0.0, 1.0],
                [-0.231826, 0.900538, 0.367815, 0.0, -0.035997, -0.385799, 0.92188, 0.4, 0.972091, 0.200476, 0.121855, -0.0, 0.0, 0.0, 0.0, 1.0]
            ]
        },
        {
            "name": "Arm_R",
            "time": [0.0, 0.8333, 1.5667, 2.8333, 3.1667, 4.2333],
            "transform": [
                [0.166726, -0.073855, -0.983233, 0.0, 0.854041, 0.509172, 0.106573, 0.39386, 0.492764, -0.85749, 0.147968, 0.0, 0.0, 0.0, 0.0, 1.0],
                [0.183973, -0.09653, -0.97818, -0.0, 0.832955, 0.543668, 0.103009, 0.39386, 0.521861, -0.833731, 0.180425, 0.0, 0.0, 0.0, 0.0, 1.0],
                [-0.04176, -0.13396, -0.990107, 0.0, 0.853665, 0.510124, -0.105025, 0.39386, 0.519146, -0.849605, 0.093054, 0.0, 0.0, 0.0, 0.0, 1.0],
                [-0.04176, -0.13396, -0.990106, -0.0, 0.853665, 0.510124, -0.105024, 0.393861, 0.519146, -0.849605, 0.093054, -0.0, 0.0, 0.0, 0.0, 1.0],
                [-0.04176, -0.13396, -0.990106, -0.0, 0.853665, 0.510124, -0.105024, 0.393861, 0.519146, -0.849605, 0.093054, -0.0, 0.0, 0.0, 0.0, 1.0],
                [0.166726, -0.073855, -0.983233, 0.0, 0.854041, 0.509172, 0.106573, 0.393861, 0.492764, -0.85749, 0.147968, 0.0, 0.0, 0.0, 0.0, 1.0]
            ]
        },
        {
            "name": "Hand_R",
            "time": [0.0, 0.8333, 1.5667, 2.8333, 3.1667, 4.2333],
            "transform": [
                [0.98546, -0.169495, -0.011855, 0.0, 0.168151, 0.982899, -0.07506, 0.3, 0.024375, 0.071976, 0.997109, -0.0, 0.0, 0.0, 0.0, 1.0],
                [0.98546, -0.169495, -0.011855, 0.0, 0.168151, 0.982899, -0.07506, 0.3, 0.024375, 0.071975, 0.997109, 0.0, 0.0, 0.0, 0.0, 1.0],
                [0.98546, -0.169495, -0.011855, -0.0, 0.168151, 0.982899, -0.07506, 0.3, 0.024375, 0.071975, 0.997109, 0.0, 0.0, 0.0, 0.0, 1.0],
                [0.892792, -0.000361, -0.450469, 0.0, -0.24368, 0.840668, -0.483629, 0.3, 0.37887, 0.54155, 0.750454, 0.0, 0.0, 0.0, 0.0, 1.0],
                [0.892792, -0.000361, -0.450469, 0.0, -0.24368, 0.840668, -0.483629, 0.3, 0.37887, 0.54155, 0.750454, 0.0, 0.0, 0.0, 0.0, 1.0],
                [0.98546, -0.169495, -0.011855, 0.0, 0.168151, 0.982899, -0.07506, 0.3, 0.024375, 0.071976, 0.997109, 0.0, 0.0, 0.0, 0.0, 1.0]
            ]
        },
        {
            "name": "Tool_R",
            "time": [0.0, 0.8333, 1.5667, 2.8333, 3.1667, 4.2333],
            "transform": [
                [0.983345, -0.173827, 0.053071, 0.0, -0.110087, -0.802007, -0.587082, 0.272858, 0.144614, 0.571462, -0.807786, 0.0, 0.0, 0.0, 0.0, 1.0],
                [0.983345, -0.173827, 0.053071, 0.0, -0.110087, -0.802008, -0.587082, 0.272858, 0.144614, 0.571462, -0.807787, 0.0, 0.0, 0.0, 0.0, 1.0],
                [0.983345, -0.173827, 0.053071, 0.0, -0.110087, -0.802008, -0.587082, 0.272858, 0.144614, 0.571462, -0.807786, 0.0, 0.0, 0.0, 0.0, 1.0],
                [0.983345, -0.173827, 0.053071, -0.0, -0.110087, -0.802008, -0.587082, 0.272858, 0.144614, 0.571462, -0.807786, 0.0, 0.0, 0.0, 0.0, 1.0],
                [0.983345, -0.173827, 0.053071, -0.0, -0.110087, -0.802008, -0.587082, 0.272858, 0.144614, 0.571462, -0.807786, 0.0, 0.0, 0.0, 0.0, 1.0],
                [0.983345, -0.173827, 0.053071, 0.0, -0.110087, -0.802007, -0.587082, 0.272858, 0.144614, 0.571462, -0.807786, 0.0, 0.0, 0.0, 0.0, 1.0]
            ]
        },
        {
            "name": "Elbow_R",
            "time": [0.0, 0.8333, 1.5667, 2.8333, 3.1667, 4.2333],
            "transform": [
                [-1.0, 0.0, -0.0, 0.0, 0.0, 0.0, -1.0, 0.3, -0.0, -1.0, -0.0, -0.0, 0.0, 0.0, 0.0, 1.0],
                [-1.0, 0.0, -0.0, 0.0, 0.0, -0.0, -1.0, 0.3, -0.0, -1.0, -0.0, 0.0, 0.0, 0.0, 0.0, 1.0],
                [-1.0, 0.0, -0.0, -0.0, 0.0, 0.0, -1.0, 0.3, -0.0, -1.0, -0.0, 0.0, 0.0, 0.0, 0.0, 1.0],
                [-1.0, 0.0, -0.0, 0.0, 0.0, 0.0, -1.0, 0.3, -0.0, -1.0, -0.0, 0.0, 0.0, 0.0, 0.0, 1.0],
                [-1.0, 0.0, -0.0, 0.0, 0.0, 0.0, -1.0, 0.3, -0.0, -1.0, -0.0, 0.0, 0.0, 0.0, 0.0, 1.0],
                [-1.0, 0.0, -0.0, 0.0, 0.0, 0.0, -1.0, 0.3, -0.0, -1.0, -0.0, 0.0, 0.0, 0.0, 0.0, 1.0]
            ]
        },
        {
            "name": "Shoulder_L",
            "time": [0.0, 0.8333, 1.5667, 2.8333, 3.1667, 4.2333],
            "transform": [
                [0.0906, -0.918964, -0.383793, 0.0, 0.015758, -0.384007, 0.923196, 0.4, -0.995763, -0.089689, -0.02031, 0.0, 0.0, 0.0, 0.0, 1.0],
                [0.0906, -0.918964, -0.383793, 0.0, 0.015758, -0.384007, 0.923196, 0.4, -0.995763, -0.089689, -0.02031, 0.0, 0.0, 0.0, 0.0, 1.0],
                [0.0906, -0.918964, -0.383793, 0.0, 0.015758, -0.384007, 0.923196, 0.4, -0.995763, -0.089689, -0.02031, 0.0, 0.0, 0.0, 0.0, 1.0],
                [0.101603, -0.85273, -0.512375, 0.0, -0.031168, -0.517516, 0.855105, 0.4, -0.994337, -0.070911, -0.079159, -0.0, 0.0, 0.0, 0.0, 1.0],
                [0.101603, -0.85273, -0.512375, 0.0, -0.031168, -0.517516, 0.855105, 0.4, -0.994337, -0.070911, -0.079159, -0.0, 0.0, 0.0, 0.0, 1.0],
                [0.0906, -0.918964, -0.383793, 0.0, 0.015758, -0.384007, 0.923196, 0.4, -0.995763, -0.089689, -0.02031, -0.0, 0.0, 0.0, 0.0, 1.0]
            ]
        },
        {
            "name": "Arm_L",
            "time": [0.0, 0.8333, 1.5667, 2.8333, 3.1667, 4.2333],
            "transform": [
                [0.203494, 0.1086, 0.973034, 0.0, -0.836545, 0.535657, 0.115165, 0.39386, -0.508706, -0.837423, 0.199852, -0.0, 0.0, 0.0, 0.0, 1.0],
                [0.203494, 0.1086, 0.973034, -0.0, -0.836545, 0.535657, 0.115165, 0.39386, -0.508706, -0.837423, 0.199852, -0.0, 0.0, 0.0, 0.0, 1.0],
                [0.203494, 0.1086, 0.973034, -0.0, -0.836545, 0.535657, 0.115165, 0.39386, -0.508706, -0.837423, 0.199852, -0.0, 0.0, 0.0, 0.0, 1.0],
                [0.240512, -0.140645, 0.960402, -0.0, -0.819883, 0.500189, 0.278571, 0.39386, -0.519563, -0.854418, 0.004989, 0.0, 0.0, 0.0, 0.0, 1.0],
                [0.240512, -0.140645, 0.960402, -0.0, -0.819883, 0.500189, 0.278571, 0.39386, -0.519563, -0.854418, 0.004989, 0.0, 0.0, 0.0, 0.0, 1.0],
                [0.203494, 0.1086, 0.973034, 0.0, -0.836545, 0.535657, 0.115165, 0.39386, -0.508706, -0.837423, 0.199852, -0.0, 0.0, 0.0, 0.0, 1.0]
            ]
        },
        {
            "name": "Hand_L",
            "time": [0.0, 0.8333, 1.5667, 2.8333, 3.1667, 4.2333],
            "transform": [
                [0.992412, 0.120127, 0.02624, 0.0, -0.116136, 0.98585, -0.120881, 0.3, -0.04039, 0.116916, 0.99232, -0.0, 0.0, 0.0, 0.0, 1.0],
                [0.992412, 0.120127, 0.02624, 0.0, -0.116136, 0.98585, -0.120881, 0.3, -0.04039, 0.116916, 0.99232, 0.0, 0.0, 0.0, 0.0, 1.0],
                [0.992412, 0.120127, 0.02624, 0.0, -0.116136, 0.98585, -0.120881, 0.3, -0.04039, 0.116916, 0.992321, 0.0, 0.0, 0.0, 0.0, 1.0],
                [0.979651, 0.1969, 0.038908, -0.0, -0.193537, 0.978086, -0.076763, 0.3, -0.05317, 0.067671, 0.99629, 0.0, 0.0, 0.0, 0.0, 1.0],
                [0.979651, 0.1969, 0.038908, -0.0, -0.193537, 0.978086, -0.076763, 0.3, -0.05317, 0.067671, 0.99629, 0.0, 0.0, 0.0, 0.0, 1.0],
                [0.992412, 0.120127, 0.02624, -0.0, -0.116136, 0.98585, -0.120881, 0.3, -0.04039, 0.116916, 0.99232, 0.0, 0.0, 0.0, 0.0, 1.0]
            ]
        },
        {
            "name": "Tool_L",
            "time": [0.0, 0.8333, 1.5667, 2.8333, 3.1667, 4.2333],
            "transform": [
                [0.997004, 0.01104, -0.076554, 0.0, -0.036659, -0.804079, -0.593391, 0.272858, -0.068107, 0.59442, -0.801265, -0.0, 0.0, 0.0, 0.0, 1.0],
                [0.997004, 0.01104, -0.076554, 0.0, -0.036659, -0.804079, -0.593391, 0.272858, -0.068107, 0.59442, -0.801265, -0.0, 0.0, 0.0, 0.0, 1.0],
                [0.997004, 0.01104, -0.076554, -0.0, -0.036659, -0.804079, -0.593391, 0.272858, -0.068106, 0.59442, -0.801265, -0.0, 0.0, 0.0, 0.0, 1.0],
                [0.997004, 0.01104, -0.076554, -0.0, -0.036659, -0.804079, -0.593391, 0.272858, -0.068107, 0.59442, -0.801266, -0.0, 0.0, 0.0, 0.0, 1.0],
                [0.997004, 0.01104, -0.076554, -0.0, -0.036659, -0.804079, -0.593391, 0.272858, -0.068107, 0.59442, -0.801266, -0.0, 0.0, 0.0, 0.0, 1.0],
                [0.997004, 0.01104, -0.076554, -0.0, -0.036659, -0.804079, -0.593391, 0.272858, -0.068107, 0.59442, -0.801265, -0.0, 0.0, 0.0, 0.0, 1.0]
            ]
        },
        {
            "name": "Elbow_L",
            "time": [0.0, 0.8333, 1.5667, 2.8333, 3.1667, 4.2333],
            "transform": [
                [-1.0, 0.0, -0.0, -0.008123, 0.0, -0.0, -1.0, 0.463316, -0.0, -1.0, 0.0, -9.4e-05, 0.0, 0.0, 0.0, 1.0],
                [-1.0, 0.0, -0.0, -0.008123, 0.0, -0.0, -1.0, 0.463316, -0.0, -1.0, 0.0, -9.4e-05, 0.0, 0.0, 0.0, 1.0],
                [-1.0, 0.0, -0.0, -0.008123, 0.0, -0.0, -1.0, 0.463316, -0.0, -1.0, 0.0, -9.4e-05, 0.0, 0.0, 0.0, 1.0],
                [-1.0, 0.0, -0.0, -0.008123, 0.0, -0.0, -1.0, 0.463316, -0.0, -1.0, 0.0, -9.4e-05, 0.0, 0.0, 0.0, 1.0],
                [-1.0, 0.0, -0.0, -0.008123, 0.0, -0.0, -1.0, 0.463316, -0.0, -1.0, 0.0, -9.4e-05, 0.0, 0.0, 0.0, 1.0],
                [-1.0, 0.0, -0.0, -0.008123, 0.0, -0.0, -1.0, 0.463316, -0.0, -1.0, 0.0, -9.4e-05, 0.0, 0.0, 0.0, 1.0]
            ]
        }
    ]
}