{
    "armature": {
        "joints": ["Root", "Thigh_R", "Leg_R", "Knee_R", "Thigh_L", "Leg_L", "Knee_L", "Torso", "Chest", "Head", "Shoulder_R", "Arm_R", "Hand_R", "Tool_R", "Elbow_R", "Shoulder_L", "Arm_L", "Hand_L", "Tool_L", "Elbow_L"],
        "hierarchy": [
            {
                "name": "Root",
                "transform": [1.0, 0.0, 0.0, -5e-06, 0.0, 0.0, -1.0, 0.000946, 0.0, 1.0, 0.0, 0.763972, 0.0, 0.0, 0.0, 1.0],
                "children": [
                    {
                        "name": "Thigh_R",
                        "transform": [1.0, -0.0, -0.0, 0.124994, -0.0, -1.0, 0.0, -0.002831, -0.0, -0.0, -1.0, -1.2e-05, 0.0, 0.0, 0.0, 1.0],
                        "children": [
                            {
                                "name": "Leg_R",
                                "transform": [1.0, 0.0, 1e-06, 0.0, -0.0, 1.0, 0.0, 0.37472, -1e-06, -0.0, 1.0, -0.0, 0.0, 0.0, 0.0, 1.0],
                                "children": []
                            },
                            {
                                "name": "Knee_R",
                                "transform": [1.0, 0.0, -0.0, 0.0, -0.0, 0.0, -1.0, 0.37472, -0.0, 1.0, 0.0, -0.0, 0.0, 0.0, 0.0, 1.0],
                                "children": []
                            }
                        ]
                    },
                    {
                        "name": "Thigh_L",
                        "transform": [1.0, -0.0, -0.0, -0.125006, -0.0, -1.0, 0.0, -0.002831, -0.0, -0.0, -1.0, -1.2e-05, 0.0, 0.0, 0.0, 1.0],
                        "children": [
                            {
                                "name": "Leg_L",
                                "transform": [1.0, 0.0, 1e-06, -0.0, -0.0, 1.0, 0.0, 0.37472, -1e-06, -0.0, 1.0, 0.0, 0.0, 0.0, 0.0, 1.0],
                                "children": []
                            },
                            {
                                "name": "Knee_L",
                                "transform": [1.0, 0.0, -0.0, -0.0, -0.0, 0.0, -1.0, 0.37472, -0.0, 1.0, 0.0, 0.0, 0.0, 0.0, 0.0, 1.0],
                                "children": []
                            }
                        ]
                    },
                    {
                        "name": "Torso",
                        "transform": [1.0, 0.0, 0.0, 0.0, 0.0, 1.0, 0.0, 0.05, 0.0, 0.0, 1.0, 0.0, 0.0, 0.0, 0.0, 1.0],
                        "children": [
                            {
                                "name": "Chest",
                                "transform": [1.0, 0.0, 0.0, 0.0, 0.0, 1.0, 0.0, 0.3, 0.0, 0.0, 1.0, 0.0, 0.0, 0.0, 0.0, 1.0],
                                "children": [
                                    {
                                        "name": "Head",
                                        "transform": [1.0, 0.0, 0.0, 0.0, 0.0, 1.0, 0.0, 0.4, 0.0, 0.0, 1.0, 0.0, 0.0, 0.0, 0.0, 1.0],
                                        "children": []
                                    },
                                    {
                                        "name": "Shoulder_R",
                                        "transform": [0.0, 0.952114, 0.305743, 0.0, 0.0, -0.305743, 0.952114, 0.4, 1.0, 0.0, -0.0, 0.0, 0.0, 0.0, 0.0, 1.0],
                                        "children": [
                                            {
                                                "name": "Arm_R",
                                                "transform": [0.0, -0.0, -1.0, -0.0, 0.952114, 0.305743, 0.0, 0.39386, 0.305743, -0.952114, 0.0, 0.0, 0.0, 0.0, 0.0, 1.0],
                                                "children": [
                                                    {
                                                        "name": "Hand_R",
                                                        "transform": [1.0, 0.0, 0.0, 0.0, -0.0, 0.993938, 0.109947, 0.3, -0.0, -0.109947, 0.993937, 0.0, 0.0, 0.0, 0.0, 1.0],
                                                        "children": [
                                                            {
                                                                "name": "Tool_R",
                                                                "transform": [1.0, 0.0, 0.0, -0.0, 0.0, -0.999836, 0.018122, 0.272858, 0.0, -0.018122, -0.999836, 0.0, 0.0, 0.0, 0.0, 1.0],
                                                                "children": []
                                                            }
                                                        ]
                                                    },
                                                    {
                                                        "name": "Elbow_R",
                                                        "transform": [-1.0, 0.0, -0.0, 0.0, 0.0, 0.0, -1.0, 0.3, -0.0, -1.0, -0.0, 0.0, 0.0, 0.0, 0.0, 1.0],
                                                        "children": []
                                                    }
                                                ]
                                            }
                                        ]
                                    },
                                    {
                                        "name": "Shoulder_L",
                                        "transform": [-0.0, -0.952114, -0.305743, 0.0, 0.0, -0.305743, 0.952114, 0.4, -1.0, 0.0, 0.0, 0.0, 0.0, 0.0, 0.0, 1.0],
                                        "children": [
                                            {
                                                "name": "Arm_L",
                                                "transform": [-0.0, -0.0, 1.0, -0.0, -0.952114, 0.305743, -0.0, 0.39386, -0.305743, -0.952114, -0.0, 0.0, 0.0, 0.0, 0.0, 1.0],
                                                "children": [
                                                    {
                                                        "name": "Hand_L",
                                                        "transform": [1.0, -0.0, 0.0, -0.0, 0.0, 0.993937, 0.109947, 0.3, -0.0, -0.109947, 0.993937, 0.0, 0.0, 0.0, 0.0, 1.0],
                                                        "children": [
                                                            {
                                                                "name": "Tool_L",
                                                                "transform": [1.0, 0.0, 0.0, -0.0, -0.0, -0.999836, 0.018122, 0.272858, 0.0, -0.018122, -0.999836, -0.0, 0.0, 0.0, 0.0, 1.0],
                                                                "children": []
                                                            }
                                                        ]
                                                    },
                                                    {
                                                        "name": "Elbow_L",
                                                        "transform": [-1.0, 0.0, -0.0, -0.0, 0.0, -0.0, -1.0, 0.3, -0.0, -1.0, 0.0, 0.0, 0.0, 0.0, 0.0, 1.0],
                                                        "children": []
                                                    }
                                                ]
                                            }
                                        ]
                                    }
                                ]
                            }
                        ]
                    }
                ]
            }
        ]
    },
    "animation": [
        {
            "name": "Root",
            "time": [0.0, 0.25, 0.45, 0.5, 0.5875, 0.6, 0.625, 0.6625, 0.7, 1.2125],
            "transform": [
                [0.943585, 0.006504, -0.331066, -5e-06, -0.330166, -0.057728, -0.942156, 0.034375, -0.025239, 0.998311, -0.052324, 0.713784, 0.0, 0.0, 0.0, 1.0],
                [0.943585, 0.006504, -0.331066, -5e-06, -0.329875, 0.105418, -0.93812, 0.039723, 0.028799, 0.994407, 0.101617, 0.541185, 0.0, 0.0, 0.0, 1.0],
                [0.943585, 0.006504, -0.331066, -5e-06, -0.330166, -0.057728, -0.942156, 0.066576, -0.025239, 0.998311, -0.052324, 0.476305, 0.0, 0.0, 0.0, 1.0],
                [0.943585, 0.006504, -0.331066, -5e-06, -0.330166, -0.057728, -0.942156, 0.113982, -0.025239, 0.998311, -0.052324, 0.476305, 0.0, 0.0, 0.0, 1.0],
                [0.943585, 0.006504, -0.331066, -5e-06, -0.330166, -0.057728, -0.942156, 1.967321, -0.025239, 0.998311, -0.052324, 0.476305, 0.0, 0.0, 0.0, 1.0],
                [0.943585, 0.006504, -0.331066, -5e-06, -0.330166, -0.057728, -0.942156, 1.967321, -0.025239, 0.998311, -0.052324, 0.476305, 0.0, 0.0, 0.0, 1.0],
                [0.943585, 0.006504, -0.331066, -5e-06, -0.330166, -0.057728, -0.942156, 1.967321, -0.025239, 0.998311, -0.052324, 0.476305, 0.0, 0.0, 0.0, 1.0],
                [0.943585, 0.006504, -0.331066, -5e-06, -0.330166, -0.057728, -0.942156, 1.967321, -0.025239, 0.998311, -0.052324, 0.476305, 0.0, 0.0, 0.0, 1.0],
                [0.943585, 0.006504, -0.331066, -5e-06, -0.330166, -0.057728, -0.942156, 1.967321, -0.025239, 0.998311, -0.052324, 0.476305, 0.0, 0.0, 0.0, 1.0],
                [0.943585, 0.006504, -0.331066, -5e-06, -0.325769, 0.197409, -0.92461, 1.967321, 0.059342, 0.9803, 0.188391, 0.70332, 0.0, 0.0, 0.0, 1.0]
            ]
        },
        {
            "name": "Thigh_R",
            "time": [0.0, 0.25, 0.5, 0.5875, 0.6, 0.625, 0.6625, 0.7, 1.2125],
            "transform": [
                [0.990601, 0.122414, -0.061033, 0.124994, 0.12766, -0.98762, 0.091125, -0.002831, -0.049122, -0.09806, -0.993967, -1.2e-05, 0.0, 0.0, 0.0, 1.0],
                [0.997597, 0.050374, -0.047564, 0.124994, 0.062261, -0.95298, 0.29656, -0.002831, -0.030389, -0.298808, -0.953829, -1.2e-05, 0.0, 0.0, 0.0, 1.0],
                [0.999584, 0.000127, -0.028838, 0.124994, 0.01294, -0.895633, 0.444601, -0.002831, -0.025772, -0.444788, -0.895264, -1.2e-05, 0.0, 0.0, 0.0, 1.0],
                [0.986015, 0.154612, -0.062201, 0.124994, 0.154865, -0.987933, -0.000757, -0.002831, -0.061568, -0.008887, -0.998063, -1.2e-05, 0.0, 0.0, 0.0, 1.0],
                [0.969216, 0.241373, -0.048568, 0.124994, 0.221223, -0.940323, -0.25855, -0.002831, -0.108077, 0.239846, -0.964776, -1.2e-05, 0.0, 0.0, 0.0, 1.0],
                [0.938186, 0.346081, 0.005829, 0.124994, 0.285742, -0.764884, -0.577322, -0.002831, -0.195342, 0.5433, -0.816495, -1.2e-05, 0.0, 0.0, 0.0, 1.0],
                [0.929434, 0.368132, 0.025113, 0.124994, 0.296121, -0.703554, -0.646004, -0.002831, -0.220147, 0.607853, -0.762921, -1.2e-05, 0.0, 0.0, 0.0, 1.0],
                [0.929434, 0.368132, 0.025113, 0.124994, 0.296121, -0.703554, -0.646004, -0.002831, -0.220147, 0.607853, -0.762921, -1.2e-05, 0.0, 0.0, 0.0, 1.0],
                [0.998335, 0.037435, -0.04388, 0.124994, 0.050087, -0.939921, 0.33769, -0.002831, -0.028602, -0.339325, -0.940234, -1.2e-05, 0.0, 0.0, 0.0, 1.0]
            ]
        },
        {
            "name": "Leg_R",
            "time": [0.0, 0.25, 0.5, 0.5875, 0.6, 0.625, 0.6625, 0.7, 1.2125],
            "transform": [
                [1.0, -0.0, 3e-06, -0.0, -2e-06, 0.795363, 0.606134, 0.37472, -3e-06, -0.606135, 0.795362, 0.0, 0.0, 0.0, 0.0, 1.0],
                [0.983631, 0.161681, 0.079557, -0.0, -0.129926, 0.330443, 0.93484, 0.37472, 0.124857, -0.929875, 0.34604, 0.0, 0.0, 0.0, 0.0, 1.0],
                [0.953569, 0.235999, 0.18711, 0.0, -0.168109, -0.098399, 0.980844, 0.37472, 0.24989, -0.96676, -0.054157, 0.0, 0.0, 0.0, 0.0, 1.0],
                [0.98797, 0.141501, 0.062397, 0.0, -0.115903, 0.410383, 0.904517, 0.37472, 0.102383, -0.900869, 0.421846, -0.0, 0.0, 0.0, 0.0, 1.0],
                [0.997896, 0.062451, 0.017445, 0.0, -0.054217, 0.656049, 0.752769, 0.37472, 0.035566, -0.752131, 0.658053, -0.0, 0.0, 0.0, 0.0, 1.0],
                [0.998159, -0.060468, -0.00467, -0.0, 0.056198, 0.893232, 0.446071, 0.37472, -0.022801, -0.445513, 0.894984, 0.0, 0.0, 0.0, 0.0, 1.0],
                [0.995801, -0.091508, -0.002618, 0.0, 0.086399, 0.92998, 0.357315, 0.37472, -0.030263, -0.356041, 0.933979, 0.0, 0.0, 0.0, 0.0, 1.0],
                [0.995801, -0.091508, -0.002618, 0.0, 0.086399, 0.92998, 0.357315, 0.37472, -0.030263, -0.356041, 0.933979, 0.0, 0.0, 0.0, 0.0, 1.0],
                [0.998225, -0.059369, -0.004688, 0.0, 0.055146, 0.891762, 0.449132, 0.37472, -0.022484, -0.448594, 0.893452, 0.0, 0.0, 0.0, 0.0, 1.0]
            ]
        },
        {
            "name": "Knee_R",
            "time": [0.0, 0.25, 0.5, 0.5875, 0.6, 0.625, 0.6625, 0.7, 1.2125],
            "transform": [
                [1.0, 0.0, -0.0, -0.0, -0.0, 0.0, -1.0, 0.37472, -0.0, 1.0, 0.0, 0.0, 0.0, 0.0, 0.0, 1.0],
                [1.0, 0.0, -0.0, -0.0, -0.0, 0.0, -1.0, 0.37472, -0.0, 1.0, 0.0, 0.0, 0.0, 0.0, 0.0, 1.0],
                [1.0, 0.0, -0.0, 0.0, -0.0, 0.0, -1.0, 0.37472, -0.0, 1.0, 0.0, 0.0, 0.0, 0.0, 0.0, 1.0],
                [1.0, 0.0, -0.0, 0.0, -0.0, 0.0, -1.0, 0.37472, -0.0, 1.0, 0.0, -0.0, 0.0, 0.0, 0.0, 1.0],
                [1.0, 0.0, -0.0, 0.0, -0.0, 0.0, -1.0, 0.37472, -0.0, 1.0, 0.0, -0.0, 0.0, 0.0, 0.0, 1.0],
                [1.0, 0.0, -0.0, -0.0, -0.0, 0.0, -1.0, 0.37472, -0.0, 1.0, 0.0, 0.0, 0.0, 0.0, 0.0, 1.0],
                [1.0, 0.0, -0.0, 0.0, -0.0, 0.0, -1.0, 0.37472, -0.0, 1.0, 0.0, 0.0, 0.0, 0.0, 0.0, 1.0],
                [1.0, 0.0, -0.0, 0.0, -0.0, 0.0, -1.0, 0.37472, -0.0, 1.0, 0.0, 0.0, 0.0, 0.0, 0.0, 1.0],
                [1.0, 0.0, -0.0, 0.0, -0.0, 0.0, -1.0, 0.37472, -0.0, 1.0, 0.0, 0.0, 0.0, 0.0, 0.0, 1.0]
            ]
        },
        {
            "name": "Thigh_L",
            "time": [0.0, 0.25, 0.45, 0.5, 0.5875, 0.6, 0.625, 0.6625, 0.7, 1.2125],
            "transform": [
                [0.938255, -0.215522, -0.270607, -0.125006, 0.001711, -0.779326, 0.626617, -0.002831, -0.34594, -0.588389, -0.730838, -1.2e-05, 0.0, 0.0, 0.0, 1.0],
                [0.875009, -0.480811, 0.056387, -0.125006, -0.287963, -0.423313, 0.859001, -0.002831, -0.389148, -0.767872, -0.508859, -1.2e-05, 0.0, 0.0, 0.0, 1.0],
                [0.839461, -0.542082, 0.038112, -0.125006, -0.299293, -0.402662, 0.865036, -0.002831, -0.453574, -0.73757, -0.50026, -1.2e-05, 0.0, 0.0, 0.0, 1.0],
                [0.837678, -0.545168, 0.032987, -0.125006, -0.29634, -0.402947, 0.865919, -0.002831, -0.458779, -0.735137, -0.499095, -1.2e-05, 0.0, 0.0, 0.0, 1.0],
                [0.836886, -0.546515, 0.030708, -0.125006, -0.295169, -0.403328, 0.866141, -0.002831, -0.460974, -0.733926, -0.498854, -1.2e-05, 0.0, 0.0, 0.0, 1.0],
                [0.837257, -0.546009, 0.029584, -0.125006, -0.295818, -0.406782, 0.864303, -0.002831, -0.459883, -0.732396, -0.5021, -1.2e-05, 0.0, 0.0, 0.0, 1.0],
                [0.839496, -0.542865, 0.023312, -0.125006, -0.299261, -0.42612, 0.853735, -0.002831, -0.453529, -0.723684, -0.520185, -1.2e-05, 0.0, 0.0, 0.0, 1.0],
                [0.840322, -0.541678, 0.021049, -0.125006, -0.300472, -0.433111, 0.849783, -0.002831, -0.451192, -0.720416, -0.526713, -1.2e-05, 0.0, 0.0, 0.0, 1.0],
                [0.840322, -0.541678, 0.021049, -0.125006, -0.300472, -0.433111, 0.849783, -0.002831, -0.451192, -0.720416, -0.526713, -1.2e-05, 0.0, 0.0, 0.0, 1.0],
                [0.879948, -0.470323, -0.06699, -0.125006, -0.332841, -0.710962, 0.619475, -0.002831, -0.33898, -0.522809, -0.782153, -1.2e-05, 0.0, 0.0, 0.0, 1.0]
            ]
        },
        {
            "name": "Leg_L",
            "time": [0.0, 0.25, 0.45, 0.5, 0.5875, 0.6, 0.625, 0.6625, 0.7, 1.2125],
            "transform": [
                [1.0, -1e-06, 7.3e-05, 0.0, -6.4e-05, 0.488853, 0.872367, 0.37472, -3.7e-05, -0.872366, 0.488853, 0.0, 0.0, 0.0, 0.0, 1.0],
                [0.943534, 0.245899, -0.221985, 0.0, -0.057647, 0.78174, 0.620934, 0.37472, 0.326222, -0.573076, 0.751774, -0.0, 0.0, 0.0, 0.0, 1.0],
                [0.916396, 0.35185, 0.190841, -0.0, -0.315057, 0.339953, 0.886099, 0.37472, 0.246897, -0.872143, 0.422384, 0.0, 0.0, 0.0, 0.0, 1.0],
                [0.909373, 0.339635, 0.240185, 0.0, -0.338212, 0.267504, 0.90225, 0.37472, 0.242186, -0.901714, 0.358129, 0.0, 0.0, 0.0, 0.0, 1.0],
                [0.906511, 0.31539, 0.280655, 0.0, -0.346494, 0.175992, 0.921395, 0.37472, 0.241206, -0.932499, 0.26882, 0.0, 0.0, 0.0, 0.0, 1.0],
                [0.906429, 0.304026, 0.293181, -0.0, -0.345705, 0.135274, 0.928542, 0.37472, 0.242641, -0.94301, 0.22772, 0.0, 0.0, 0.0, 0.0, 1.0],
                [0.90637, 0.290803, 0.306477, -0.0, -0.342695, 0.081783, 0.93588, 0.37472, 0.247092, -0.953281, 0.173783, -0.0, 0.0, 0.0, 0.0, 1.0],
                [0.906376, 0.287699, 0.309373, 0.0, -0.341613, 0.068253, 0.93736, 0.37472, 0.248562, -0.955285, 0.160144, -0.0, 0.0, 0.0, 0.0, 1.0],
                [0.906376, 0.287699, 0.309373, 0.0, -0.341613, 0.068253, 0.93736, 0.37472, 0.248562, -0.955285, 0.160144, -0.0, 0.0, 0.0, 0.0, 1.0],
                [0.914087, 0.396739, 0.083925, -0.0, -0.359526, 0.697137, 0.620275, 0.37472, 0.18758, -0.597158, 0.779882, -0.0, 0.0, 0.0, 0.0, 1.0]
            ]
        },
        {
            "name": "Knee_L",
            "time": [0.0, 0.25, 0.5, 0.5875, 0.6, 0.625, 0.6625, 0.7, 1.2125],
            "transform": [
                [1.0, 0.0, -0.0, 0.0, -0.0, 0.0, -1.0, 0.417519, -0.0, 1.0, 0.0, 0.0, 0.0, 0.0, 0.0, 1.0],
                [1.0, 0.0, -0.0, 0.0, -0.0, 0.0, -1.0, 0.417519, -0.0, 1.0, 0.0, -0.0, 0.0, 0.0, 0.0, 1.0],
                [1.0, 0.0, -0.0, 0.0, -0.0, 0.0, -1.0, 0.417519, -0.0, 1.0, 0.0, -0.0, 0.0, 0.0, 0.0, 1.0],
                [1.0, 0.0, -0.0, 0.0, -0.0, 0.0, -1.0, 0.417519, -0.0, 1.0, 0.0, 0.0, 0.0, 0.0, 0.0, 1.0],
                [1.0, 0.0, -0.0, 0.0, -0.0, 0.0, -1.0, 0.417519, -0.0, 1.0, 0.0, 0.0, 0.0, 0.0, 0.0, 1.0],
                [1.0, 0.0, -0.0, -0.0, -0.0, 0.0, -1.0, 0.417519, -0.0, 1.0, 0.0, -0.0, 0.0, 0.0, 0.0, 1.0],
                [1.0, 0.0, -0.0, 0.0, -0.0, 0.0, -1.0, 0.417519, -0.0, 1.0, 0.0, 0.0, 0.0, 0.0, 0.0, 1.0],
                [1.0, 0.0, -0.0, 0.0, -0.0, 0.0, -1.0, 0.417519, -0.0, 1.0, 0.0, 0.0, 0.0, 0.0, 0.0, 1.0],
                [1.0, 0.0, -0.0, -0.0, -1e-06, 0.0, -1.0, 0.417519, -0.0, 1.0, 0.0, -0.0, 0.0, 0.0, 0.0, 1.0]
            ]
        },
        {
            "name": "Torso",
            "time": [0.0, 0.25, 0.5, 0.5875, 0.6, 0.625, 0.6625, 0.7, 1.2125],
            "transform": [
                [0.999812, -0.019404, -0.000169, 0.0, 0.019404, 0.99966, 0.017423, 0.05, -0.000169, -0.017423, 0.999848, 0.0, 0.0, 0.0, 0.0, 1.0],
                [0.757492, -0.022509, -0.652456, 0.0, 0.066492, 0.996869, 0.042805, 0.05, 0.64945, -0.075807, 0.756616, 0.0, 0.0, 0.0, 0.0, 1.0],
                [0.992435, -0.036135, -0.117336, 0.0, 0.044819, 0.99638, 0.072233, 0.05, 0.114301, -0.076945, 0.990462, 0.0, 0.0, 0.0, 0.0, 1.0],
                [0.902181, -0.051985, 0.428213, 0.0, -0.016595, 0.987794, 0.154881, 0.05, -0.431038, -0.146836, 0.890306, 0.0, 0.0, 0.0, 0.0, 1.0],
                [0.796095, -0.069441, 0.601175, 0.0, -0.054262, 0.981203, 0.185194, 0.05, -0.602734, -0.180053, 0.777362, 0.0, 0.0, 0.0, 0.0, 1.0],
                [0.622775, -0.101167, 0.775832, 0.0, -0.110407, 0.970319, 0.215154, 0.05, -0.774572, -0.219649, 0.593121, 0.0, 0.0, 0.0, 0.0, 1.0],
                [0.575398, -0.11044, 0.810383, 0.0, -0.125262, 0.967251, 0.220759, 0.05, -0.808224, -0.228535, 0.542721, 0.0, 0.0, 0.0, 0.0, 1.0],
                [0.575398, -0.11044, 0.810383, 0.0, -0.125262, 0.967251, 0.220759, 0.05, -0.808224, -0.228535, 0.542721, 0.0, 0.0, 0.0, 0.0, 1.0],
                [0.983652, 0.018707, 0.179107, -0.0, 0.035716, 0.954566, -0.295851, 0.05, -0.176504, 0.297411, 0.938293, -0.0, 0.0, 0.0, 0.0, 1.0]
            ]
        },
        {
            "name": "Chest",
            "time": [0.0, 0.25, 0.5, 0.5875, 0.6, 0.625, 0.6625, 0.7, 1.2125],
            "transform": [
                [0.999879, -0.015521, -0.000108, -0.0, 0.015521, 0.999782, 0.013935, 0.3, -0.000108, -0.013935, 0.999903, -0.0, 0.0, 0.0, 0.0, 1.0],
                [0.989272, -0.090289, -0.114838, -0.0, 0.123973, 0.934718, 0.333065, 0.3, 0.077269, -0.343729, 0.935885, -0.0, 0.0, 0.0, 0.0, 1.0],
                [0.991153, -0.123399, -0.048868, 0.0, 0.13264, 0.933981, 0.331792, 0.3, 0.004699, -0.335338, 0.942086, 0.0, 0.0, 0.0, 0.0, 1.0],
                [0.991316, -0.129755, -0.02138, -0.0, 0.129469, 0.934496, 0.331595, 0.3, -0.023047, -0.331484, 0.943179, 0.0, 0.0, 0.0, 0.0, 1.0],
                [0.99124, -0.131434, -0.012945, -0.0, 0.128265, 0.934688, 0.331522, 0.3, -0.031474, -0.330278, 0.943359, 0.0, 0.0, 0.0, 0.0, 1.0],
                [0.991084, -0.133198, -0.003138, 0.0, 0.126701, 0.934935, 0.331426, 0.3, -0.041212, -0.328869, 0.943476, -0.0, 0.0, 0.0, 0.0, 1.0],
                [0.991036, -0.133591, -0.000844, -0.0, 0.126318, 0.934995, 0.331402, 0.3, -0.043483, -0.328538, 0.943489, 0.0, 0.0, 0.0, 0.0, 1.0],
                [0.991036, -0.133591, -0.000844, -0.0, 0.126318, 0.934995, 0.331402, 0.3, -0.043483, -0.328538, 0.943489, 0.0, 0.0, 0.0, 0.0, 1.0],
                [0.98686, -0.005662, 0.161478, 0.0, -0.059602, 0.916152, 0.396376, 0.3, -0.150183, -0.400792, 0.903776, 0.0, 0.0, 0.0, 0.0, 1.0]
            ]
        },
        {
            "name": "Head",
            "time": [0.0, 0.25, 0.5, 0.5875, 0.6, 0.625, 0.6625, 0.7, 1.2125],
            "transform": [
                [0.940911, 0.007534, 0.33857, 0.0, -0.018483, 0.999405, 0.029129, 0.4, -0.338149, -0.033665, 0.94049, -0.0, 0.0, 0.0, 0.0, 1.0],
                [0.891565, 0.230159, 0.390049, -0.0, -0.173535, 0.96912, -0.175193, 0.4, -0.418326, 0.088509, 0.903974, 0.0, 0.0, 0.0, 0.0, 1.0],
                [0.891566, 0.230159, 0.390049, 0.0, -0.173535, 0.96912, -0.175193, 0.4, -0.418326, 0.088509, 0.903974, -0.0, 0.0, 0.0, 0.0, 1.0],
                [0.971964, 0.234976, -0.008502, 0.0, -0.232678, 0.95599, -0.178729, 0.4, -0.03387, 0.175696, 0.983862, 0.0, 0.0, 0.0, 0.0, 1.0],
                [0.946597, 0.222117, -0.233706, -0.0, -0.264709, 0.949223, -0.170016, 0.4, 0.184075, 0.222801, 0.957328, -0.0, 0.0, 0.0, 0.0, 1.0],
                [0.830726, 0.187231, -0.524251, -0.0, -0.304405, 0.941256, -0.146198, 0.4, 0.466082, 0.281035, 0.83892, -0.0, 0.0, 0.0, 0.0, 1.0],
                [0.787407, 0.175545, -0.59091, -0.0, -0.313185, 0.939583, -0.138202, 0.4, 0.530949, 0.293885, 0.794811, 0.0, 0.0, 0.0, 0.0, 1.0],
                [0.787407, 0.175545, -0.59091, -0.0, -0.313185, 0.939583, -0.138202, 0.4, 0.530949, 0.293885, 0.794811, 0.0, 0.0, 0.0, 0.0, 1.0],
                [0.957381, 0.029203, 0.287348, -0.0, 0.044492, 0.96809, -0.246623, 0.4, -0.285381, 0.248896, 0.925531, 0.0, 0.0, 0.0, 0.0, 1.0]
            ]
        },
        {
            "name": "Shoulder_R",
            "time": [0.0, 0.25, 0.5, 0.5875, 0.6, 0.625, 0.6625, 0.7, 1.2125],
            "transform": [
                [-0.259634, 0.905885, 0.334607, 0.0, 0.003378, -0.345635, 0.938363, 0.4, 0.965701, 0.244761, 0.086679, -0.0, 0.0, 0.0, 0.0, 1.0],
                [-0.259634, 0.905885, 0.334607, -0.0, 0.003378, -0.345635, 0.938363, 0.4, 0.965701, 0.244761, 0.086679, 0.0, 0.0, 0.0, 0.0, 1.0],
                [-0.259634, 0.905885, 0.334607, 0.0, 0.003378, -0.345635, 0.938363, 0.4, 0.965701, 0.244761, 0.086679, -0.0, 0.0, 0.0, 0.0, 1.0],
                [-0.520633, 0.827737, 0.209266, 0.0, -0.076581, -0.289392, 0.954142, 0.4, 0.850339, 0.480732, 0.214056, 0.0, 0.0, 0.0, 0.0, 1.0],
                [-0.570755, 0.811306, 0.126572, -0.0, -0.147889, -0.253193, 0.956045, 0.4, 0.807693, 0.526949, 0.264494, -0.0, 0.0, 0.0, 0.0, 1.0],
                [-0.600027, 0.799886, -0.012259, -0.0, -0.263148, -0.18288, 0.947263, 0.4, 0.755461, 0.57161, 0.320221, -0.0, 0.0, 0.0, 0.0, 1.0],
                [-0.600925, 0.797672, -0.051073, -0.0, -0.294842, -0.161821, 0.941744, 0.4, 0.742938, 0.580976, 0.33243, 0.0, 0.0, 0.0, 0.0, 1.0],
                [-0.600925, 0.797672, -0.051073, -0.0, -0.294842, -0.161821, 0.941744, 0.4, 0.742938, 0.580976, 0.33243, 0.0, 0.0, 0.0, 0.0, 1.0],
                [0.188392, 0.909628, 0.37025, -0.0, -0.081817, -0.361154, 0.92891, 0.4, 0.97868, -0.205292, 0.006384, 0.0, 0.0, 0.0, 0.0, 1.0]
            ]
        },
        {
            "name": "Arm_R",
            "time": [0.0, 0.25, 0.5, 0.575, 0.5875, 0.6, 0.625, 0.6625, 0.7, 1.2125],
            "transform": [
                [-0.250133, -0.229659, -0.94058, 0.0, 0.840263, 0.431156, -0.328729, 0.39386, 0.481032, -0.872561, 0.085128, -0.0, 0.0, 0.0, 0.0, 1.0],
                [-0.306153, 0.032637, -0.951423, 0.0, 0.810518, 0.533145, -0.242523, 0.39386, 0.499331, -0.845394, -0.189677, 0.0, 0.0, 0.0, 0.0, 1.0],
                [-0.842278, 0.112508, -0.527172, -0.0, 0.244112, 0.951557, -0.186945, 0.393861, 0.480601, -0.286149, -0.82894, -0.0, 0.0, 0.0, 0.0, 1.0],
                [0.126686, 0.798784, -0.588128, 0.0, 0.204113, 0.559225, 0.803496, 0.393861, 0.970716, -0.221836, -0.092196, -0.0, 0.0, 0.0, 0.0, 1.0],
                [0.060542, 0.887078, -0.457632, 0.0, 0.213655, 0.43633, 0.874052, 0.393861, 0.975031, -0.150692, -0.163112, 0.0, 0.0, 0.0, 0.0, 1.0],
                [0.24968, 0.494337, -0.832641, 0.0, 0.184162, 0.819938, 0.542019, 0.39386, 0.950655, -0.288672, 0.113684, 0.0, 0.0, 0.0, 0.0, 1.0],
                [0.356226, -0.863008, -0.358217, 0.0, 0.831127, 0.467837, -0.300593, 0.39386, 0.427001, -0.190645, 0.883926, -0.0, 0.0, 0.0, 0.0, 1.0],
                [0.16916, -0.979762, -0.10701, -0.0, 0.947874, 0.191473, -0.254702, 0.39386, 0.270037, -0.058346, 0.961081, 0.0, 0.0, 0.0, 0.0, 1.0],
                [0.16916, -0.979762, -0.10701, -0.0, 0.947874, 0.191473, -0.254702, 0.39386, 0.270037, -0.058346, 0.961081, 0.0, 0.0, 0.0, 0.0, 1.0],
                [0.938367, -0.263306, -0.223912, 0.0, 0.338287, 0.566724, 0.751257, 0.39386, -0.070914, -0.780701, 0.620868, 0.0, 0.0, 0.0, 0.0, 1.0]
            ]
        },
        {
            "name": "Hand_R",
            "time": [0.0, 0.25, 0.5, 0.5375, 0.5625, 0.575, 0.5875, 0.6, 0.625, 0.6625, 0.7, 1.2125],
            "transform": [
                [0.998606, 0.031038, 0.042682, -0.0, -0.026949, 0.995279, -0.09324, 0.3, -0.045374, 0.09196, 0.994728, 0.0, 0.0, 0.0, 0.0, 1.0],
                [0.986024, -0.055768, 0.156994, 0.0, 0.118197, 0.898262, -0.423268, 0.3, -0.117417, 0.435909, 0.892299, -0.0, 0.0, 0.0, 0.0, 1.0],
                [0.294983, 0.892631, 0.340876, -0.0, -0.457317, 0.445129, -0.769885, 0.3, -0.838956, 0.071214, 0.53952, -0.0, 0.0, 0.0, 0.0, 1.0],
                [0.624106, 0.767858, 0.144519, 0.0, -0.104154, 0.265072, -0.958587, 0.3, -0.774367, 0.583207, 0.245409, -0.0, 0.0, 0.0, 0.0, 1.0],
                [0.930979, 0.342751, -0.125695, 0.0, 0.008868, -0.365434, -0.930795, 0.3, -0.364964, 0.865436, -0.343252, -0.0, 0.0, 0.0, 0.0, 1.0],
                [0.982764, 0.139331, -0.121499, -0.0, -0.034999, -0.505114, -0.862343, 0.3, -0.181522, 0.851732, -0.491532, -0.0, 0.0, 0.0, 0.0, 1.0],
                [0.996754, 0.04933, -0.063618, 0.0, -0.025025, -0.561243, -0.827273, 0.3, -0.076515, 0.82618, -0.558187, -0.0, 0.0, 0.0, 0.0, 1.0],
                [0.965791, -0.066401, -0.250678, 0.0, -0.259312, -0.256265, -0.931174, 0.3, -0.002409, 0.964323, -0.264717, -0.0, 0.0, 0.0, 0.0, 1.0],
                [0.287942, -0.158201, -0.94449, -0.0, -0.241094, 0.942519, -0.231372, 0.3, 0.926802, 0.294332, 0.23325, -0.0, 0.0, 0.0, 0.0, 1.0],
                [0.085911, 0.024778, -0.995995, -0.0, 0.010811, 0.999609, 0.025801, 0.3, 0.996244, -0.012984, 0.08561, -0.0, 0.0, 0.0, 0.0, 1.0],
                [0.085911, 0.024778, -0.995995, -0.0, 0.010811, 0.999609, 0.025801, 0.3, 0.996244, -0.012984, 0.08561, -0.0, 0.0, 0.0, 0.0, 1.0],
                [0.35368, -0.817356, -0.454797, -0.0, 0.53198, 0.5757, -0.620941, 0.3, 0.769356, -0.022328, 0.63843, 0.0, 0.0, 0.0, 0.0, 1.0]
            ]
        },
        {
            "name": "Tool_R",
            "time": [0.0, 0.25, 0.5, 0.5375, 0.5625, 0.575, 0.5875, 0.6, 0.625, 0.6625, 0.7, 1.2125],
            "transform": [
                [0.997889, 0.062714, 0.01688, 0.008219, 0.064321, -0.990294, -0.123215, 0.231523, 0.008989, 0.12404, -0.992237, 0.013571, 0.0, 0.0, 0.0, 1.0],
                [0.836401, -0.52889, -0.143905, 0.008219, -0.544187, -0.832659, -0.10266, 0.231523, -0.065528, 0.164176, -0.984253, 0.013571, 0.0, 0.0, 0.0, 1.0],
                [0.97083, 0.105609, -0.215261, 0.008219, 0.071269, -0.984299, -0.16148, 0.231523, -0.228935, 0.141428, -0.963114, 0.013571, 0.0, 0.0, 0.0, 1.0],
                [0.992605, 0.049607, -0.110791, 0.008219, 0.015516, -0.95705, -0.289508, 0.231523, -0.120394, 0.285648, -0.950742, 0.013571, 0.0, 0.0, 0.0, 1.0],
                [0.999096, -0.029976, -0.030142, 0.008219, -0.041852, -0.817915, -0.573815, 0.231523, -0.007453, 0.574558, -0.818431, 0.013571, 0.0, 0.0, 0.0, 1.0],
                [0.996845, -0.050565, -0.061182, 0.008219, -0.07816, -0.759564, -0.645719, 0.231523, -0.013821, 0.648464, -0.76112, 0.013571, 0.0, 0.0, 0.0, 1.0],
                [0.993376, -0.038281, -0.108346, 0.008219, -0.097964, -0.774954, -0.624379, 0.231523, -0.060061, 0.630857, -0.773571, 0.013571, 0.0, 0.0, 0.0, 1.0],
                [0.959075, 0.267997, -0.091393, 0.008219, 0.046689, -0.468029, -0.882479, 0.231523, -0.279277, 0.842096, -0.461388, 0.013571, 0.0, 0.0, 0.0, 1.0],
                [0.779657, 0.615814, -0.113618, 0.008219, 0.003151, -0.185294, -0.982678, 0.231523, -0.6262, 0.765794, -0.146406, 0.013571, 0.0, 0.0, 0.0, 1.0],
                [0.710415, 0.693676, -0.11885, 0.008219, -0.045939, -0.122806, -0.991367, 0.231523, -0.702283, 0.709741, -0.055377, 0.013571, 0.0, 0.0, 0.0, 1.0],
                [0.710415, 0.693676, -0.11885, 0.008219, -0.045939, -0.122806, -0.991367, 0.231523, -0.702283, 0.709741, -0.055377, 0.013571, 0.0, 0.0, 0.0, 1.0],
                [0.362209, -0.907353, -0.213342, 0.008219, -0.555227, -0.026186, -0.831287, 0.231523, 0.748684, 0.419553, -0.513272, 0.013571, 0.0, 0.0, 0.0, 1.0]
            ]
        },
        {
            "name": "Elbow_R",
            "time": [0.0, 0.25, 0.5, 0.5875, 0.6, 0.625, 0.6625, 0.7, 1.2125],
            "transform": [
                [-1.0, 0.0, -0.0, -0.0, 0.0, 0.0, -1.0, 0.3, -0.0, -1.0, -0.0, 0.0, 0.0, 0.0, 0.0, 1.0],
                [-1.0, 0.0, -0.0, 0.0, 0.0, -0.0, -1.0, 0.3, -0.0, -1.0, -0.0, -0.0, 0.0, 0.0, 0.0, 1.0],
                [-1.0, 0.0, -0.0, -0.0, 0.0, 0.0, -1.0, 0.3, -0.0, -1.0, 0.0, -0.0, 0.0, 0.0, 0.0, 1.0],
                [-1.0, 0.0, -0.0, 0.0, 0.0, 0.0, -1.0, 0.3, -0.0, -1.0, -0.0, -0.0, 0.0, 0.0, 0.0, 1.0],
                [-1.0, 0.0, -0.0, 0.0, 0.0, 0.0, -1.0, 0.3, -0.0, -1.0, -0.0, -0.0, 0.0, 0.0, 0.0, 1.0],
                [-1.0, 0.0, -0.0, -0.0, 0.0, 0.0, -1.0, 0.3, -0.0, -1.0, 0.0, -0.0, 0.0, 0.0, 0.0, 1.0],
                [-1.0, 0.0, -0.0, -0.0, 0.0, 0.0, -1.0, 0.3, -0.0, -1.0, -0.0, -0.0, 0.0, 0.0, 0.0, 1.0],
                [-1.0, 0.0, -0.0, -0.0, 0.0, 0.0, -1.0, 0.3, -0.0, -1.0, -0.0, -0.0, 0.0, 0.0, 0.0, 1.0],
                [-1.0, 0.0, -0.0, -0.0, 0.0, 0.0, -1.0, 0.3, -0.0, -1.0, -0.0, 0.0, 0.0, 0.0, 0.0, 1.0]
            ]
        },
        {
            "name": "Shoulder_L",
            "time": [0.0, 0.25, 0.5, 0.5875, 0.6, 0.625, 0.6625, 0.7, 1.2125],
            "transform": [
                [-0.195197, -0.92346, -0.330333, 0.0, -0.004977, -0.335875, 0.941893, 0.4, -0.980752, 0.185499, 0.060966, -0.0, 0.0, 0.0, 0.0, 1.0],
                [-0.047707, -0.958613, -0.280687, -0.0, -0.020279, -0.280019, 0.95978, 0.4, -0.998656, 0.05148, -0.006081, 0.0, 0.0, 0.0, 0.0, 1.0],
                [0.061731, -0.96951, -0.237148, 0.0, -0.037122, -0.239667, 0.970145, 0.4, -0.997402, -0.051084, -0.050785, -0.0, 0.0, 0.0, 0.0, 1.0],
                [-0.089573, -0.959193, -0.26819, 0.0, 0.087934, -0.275837, 0.957173, 0.4, -0.992091, 0.062153, 0.109054, 0.0, 0.0, 0.0, 0.0, 1.0],
                [-0.200645, -0.939598, -0.277304, -0.0, 0.159231, -0.310574, 0.937117, 0.4, -0.966637, 0.143872, 0.211929, -0.0, 0.0, 0.0, 0.0, 1.0],
                [-0.362939, -0.891971, -0.26956, -0.0, 0.251318, -0.372267, 0.893452, 0.4, -0.897282, 0.256524, 0.359279, -0.0, 0.0, 0.0, 0.0, 1.0],
                [-0.404922, -0.875654, -0.263186, -0.0, 0.272917, -0.390465, 0.879234, 0.4, -0.872671, 0.284193, 0.397089, 0.0, 0.0, 0.0, 0.0, 1.0],
                [-0.404922, -0.875654, -0.263186, -0.0, 0.272917, -0.390465, 0.879234, 0.4, -0.872671, 0.284193, 0.397089, 0.0, 0.0, 0.0, 0.0, 1.0],
                [-0.434338, -0.872906, -0.222227, -0.0, 0.620317, -0.468755, 0.628869, 0.4, -0.653114, 0.13529, 0.745076, 0.0, 0.0, 0.0, 0.0, 1.0]
            ]
        },
        {
            "name": "Arm_L",
            "time": [0.0, 0.25, 0.5, 0.5875, 0.6, 0.625, 0.6625, 0.7, 1.2125],
            "transform": [
                [0.057018, 0.23223, 0.970989, -0.0, -0.830332, 0.551049, -0.083035, 0.39386, -0.554345, -0.801508, 0.224248, -0.0, 0.0, 0.0, 0.0, 1.0],
                [0.23949, 0.862118, 0.44654, 0.0, -0.832251, 0.419145, -0.362871, 0.39386, -0.500002, -0.284729, 0.81788, 0.0, 0.0, 0.0, 0.0, 1.0],
                [0.357149, 0.920535, -0.158303, 0.0, -0.837278, 0.240394, -0.491097, 0.39386, -0.414017, 0.307938, 0.8566, 0.0, 0.0, 0.0, 0.0, 1.0],
                [0.429581, 0.821975, 0.373922, 0.0, -0.597417, 0.569197, -0.564897, 0.39386, -0.677166, 0.019282, 0.735578, 0.0, 0.0, 0.0, 0.0, 1.0],
                [0.329206, 0.600911, 0.728374, -0.0, -0.39311, 0.788566, -0.472894, 0.39386, -0.858538, -0.130652, 0.495825, -0.0, 0.0, 0.0, 0.0, 1.0],
                [0.000431, 0.138499, 0.990363, -0.0, -0.156359, 0.978191, -0.136729, 0.39386, -0.9877, -0.154793, 0.022077, -0.0, 0.0, 0.0, 0.0, 1.0],
                [-0.099744, 0.018993, 0.994832, -0.0, -0.120336, 0.992249, -0.031008, 0.39386, -0.98771, -0.122807, -0.096685, 0.0, 0.0, 0.0, 0.0, 1.0],
                [-0.099744, 0.018993, 0.994832, -0.0, -0.120336, 0.992249, -0.031008, 0.39386, -0.98771, -0.122807, -0.096685, 0.0, 0.0, 0.0, 0.0, 1.0],
                [0.141756, -0.068935, 0.987499, 0.0, -0.577366, 0.804559, 0.139046, 0.39386, -0.804086, -0.589858, 0.07425, -0.0, 0.0, 0.0, 0.0, 1.0]
            ]
        },
        {
            "name": "Hand_L",
            "time": [0.0, 0.25, 0.5, 0.5875, 0.6, 0.625, 0.6625, 0.7, 1.2125],
            "transform": [
                [0.948261, 0.157567, 0.275634, -0.0, -0.125132, 0.983367, -0.131654, 0.3, -0.291793, 0.090352, 0.952205, -0.0, 0.0, 0.0, 0.0, 1.0],
                [0.979641, 0.192827, 0.055863, -0.0, -0.183605, 0.973102, -0.13915, 0.3, -0.081192, 0.12606, 0.988694, -0.0, 0.0, 0.0, 0.0, 1.0],
                [0.888291, 0.431642, -0.156923, 0.0, -0.456436, 0.867637, -0.197163, 0.3, 0.051049, 0.246763, 0.96773, -0.0, 0.0, 0.0, 0.0, 1.0],
                [0.663287, 0.692721, -0.283177, -0.0, -0.745893, 0.581208, -0.325331, 0.3, -0.060779, 0.427007, 0.902203, -0.0, 0.0, 0.0, 0.0, 1.0],
                [0.548842, 0.760593, -0.3468, -0.0, -0.826425, 0.431334, -0.361901, 0.3, -0.125673, 0.485231, 0.865308, -0.0, 0.0, 0.0, 0.0, 1.0],
                [0.388354, 0.81198, -0.435741, 0.0, -0.894221, 0.217838, -0.391045, 0.3, -0.222599, 0.541513, 0.810687, -0.0, 0.0, 0.0, 0.0, 1.0],
                [0.347103, 0.818063, -0.458578, 0.0, -0.904301, 0.162377, -0.394809, 0.3, -0.248516, 0.551731, 0.796136, 0.0, 0.0, 0.0, 0.0, 1.0],
                [0.347103, 0.818063, -0.458578, 0.0, -0.904301, 0.162377, -0.394809, 0.3, -0.248516, 0.551731, 0.796136, 0.0, 0.0, 0.0, 0.0, 1.0],
                [0.698702, 0.701638, 0.139714, 0.0, -0.616157, 0.689418, -0.380859, 0.3, -0.363546, 0.180021, 0.914017, 0.0, 0.0, 0.0, 0.0, 1.0]
            ]
        },
        {
            "name": "Tool_L",
            "time": [0.0, 0.25, 0.5, 0.5875, 0.6, 0.625, 0.6625, 0.7, 1.2125],
            "transform": [
                [1.0, 0.0, 0.0, 0.0, 0.0, -0.999836, 0.018122, 0.272858, 0.0, -0.018122, -0.999836, -0.0, 0.0, 0.0, 0.0, 1.0],
                [1.0, 0.0, 0.0, 0.0, -0.0, -0.999835, 0.018122, 0.272858, 0.0, -0.018122, -0.999836, -0.0, 0.0, 0.0, 0.0, 1.0],
                [1.0, 0.0, 0.0, 0.0, -0.0, -0.999836, 0.018122, 0.272858, 0.0, -0.018122, -0.999836, -0.0, 0.0, 0.0, 0.0, 1.0],
                [1.0, 0.0, 0.0, 0.0, 0.0, -0.999836, 0.018122, 0.272858, 0.0, -0.018122, -0.999836, 0.0, 0.0, 0.0, 0.0, 1.0],
                [1.0, 0.0, 0.0, 0.0, 0.0, -0.999836, 0.018122, 0.272858, 0.0, -0.018122, -0.999836, -0.0, 0.0, 0.0, 0.0, 1.0],
                [1.0, 0.0, 0.0, 0.0, 0.0, -0.999836, 0.018122, 0.272858, 0.0, -0.018122, -0.999836, -0.0, 0.0, 0.0, 0.0, 1.0],
                [1.0, -0.0, 0.0, 0.0, 0.0, -0.999836, 0.018122, 0.272858, 0.0, -0.018122, -0.999836, -0.0, 0.0, 0.0, 0.0, 1.0],
                [1.0, -0.0, 0.0, 0.0, 0.0, -0.999836, 0.018122, 0.272858, 0.0, -0.018122, -0.999836, -0.0, 0.0, 0.0, 0.0, 1.0],
                [1.0, 0.0, 0.0, 0.0, 0.0, -0.999836, 0.018122, 0.272858, 0.0, -0.018122, -0.999836, -0.0, 0.0, 0.0, 0.0, 1.0]
            ]
        },
        {
            "name": "Elbow_L",
            "time": [0.0, 0.25, 0.5, 0.5875, 0.6, 0.625, 0.6625, 0.7, 1.2125],
            "transform": [
                [-1.0, 0.0, -0.0, -0.0, 0.0, -0.0, -1.0, 0.422536, -0.0, -1.0, 0.0, -0.0, 0.0, 0.0, 0.0, 1.0],
                [-0.979707, -0.16293, 0.116736, -0.007614, -0.121211, 0.01777, -0.992468, 0.35205, 0.159628, -0.986478, -0.037159, -0.011854, 0.0, 0.0, 0.0, 1.0],
                [-0.938935, -0.281789, 0.197473, -0.013259, -0.210942, 0.017969, -0.977333, 0.299791, 0.271853, -0.959308, -0.076312, -0.020642, 0.0, 0.0, 0.0, 1.0],
                [-0.938935, -0.281789, 0.197473, -0.013259, -0.210942, 0.017969, -0.977333, 0.299791, 0.271854, -0.959308, -0.076312, -0.020642, 0.0, 0.0, 0.0, 1.0],
                [-0.938935, -0.281789, 0.197473, -0.013259, -0.210942, 0.017969, -0.977333, 0.299791, 0.271854, -0.959308, -0.076312, -0.020642, 0.0, 0.0, 0.0, 1.0],
                [-0.938935, -0.281789, 0.197473, -0.013259, -0.210942, 0.017969, -0.977333, 0.299791, 0.271854, -0.959308, -0.076312, -0.020642, 0.0, 0.0, 0.0, 1.0],
                [-0.938935, -0.281789, 0.197473, -0.013259, -0.210942, 0.017969, -0.977333, 0.299791, 0.271854, -0.959308, -0.076312, -0.020642, 0.0, 0.0, 0.0, 1.0],
                [-0.938935, -0.281789, 0.197473, -0.013259, -0.210942, 0.017969, -0.977333, 0.299791, 0.271854, -0.959308, -0.076312, -0.020642, 0.0, 0.0, 0.0, 1.0],
                [-0.938935, -0.281789, 0.197473, -0.013259, -0.210942, 0.017969, -0.977333, 0.299791, 0.271854, -0.959308, -0.076312, -0.020642, 0.0, 0.0, 0.0, 1.0]
            ]
        }
    ]
}