{
    "animation": [
        {
            "name": "Root",
            "time": [0.0, 0.2667, 1.0, 1.6833, 2.4, 3.1167, 3.45, 3.6, 3.75, 3.9333, 4.2667, 5.0],
            "transform": [
                [0.854689, 0.0, -0.51914, -5e-06, -0.51914, 0.0, -0.854689, 0.000946, 0.0, 1.0, 0.0, 0.755725, 0.0, 0.0, 0.0, 1.0],
                [0.854689, 0.0, -0.51914, -0.098515, -0.51914, 0.0, -0.854689, 0.020769, 0.0, 1.0, 0.0, 3.04228, 0.0, 0.0, 0.0, 1.0],
                [0.854689, 0.0, -0.51914, -0.175004, -0.51914, 0.0, -0.854689, 0.03616, 0.0, 1.0, 0.0, 4.817698, 0.0, 0.0, 0.0, 1.0],
                [0.854689, 0.0, -0.51914, -0.179113, -0.51914, 0.0, -0.854689, 0.036987, 0.0, 1.0, 0.0, 4.913075, 0.0, 0.0, 0.0, 1.0],
                [0.854689, 0.0, -0.51914, -0.170831, -0.51914, 0.0, -0.854689, 0.035321, 0.0, 1.0, 0.0, 4.720854, 0.0, 0.0, 0.0, 1.0],
                [0.854689, 0.0, -0.51914, -0.175004, -0.51914, 0.0, -0.854689, 0.03616, 0.0, 1.0, 0.0, 4.817698, 0.0, 0.0, 0.0, 1.0],
                [0.854689, 0.0, -0.51914, -0.175004, -0.51914, 0.0, -0.854689, 0.03616, 0.0, 1.0, 0.0, 4.817698, 0.0, 0.0, 0.0, 1.0],
                [0.854689, 0.0, -0.51914, -0.17919, -0.51914, 0.0, -0.854689, -0.11884, 0.0, 1.0, 0.0, 4.883282, 0.0, 0.0, 0.0, 1.0],
                [0.854689, 0.0, -0.51914, -0.179523, -0.51914, 0.0, -0.854689, -0.155394, 0.0, 1.0, 0.0, 4.883584, 0.0, 0.0, 0.0, 1.0],
                [0.854689, 0.0, -0.51914, -0.179113, -0.51914, 0.0, -0.854689, 0.036987, 0.0, 1.0, 0.0, 4.913075, 0.0, 0.0, 0.0, 1.0],
                [0.854689, 0.0, -0.51914, -0.077097, -0.51914, 0.0, -0.854689, 0.016459, 0.0, 1.0, 0.0, 2.545149, 0.0, 0.0, 0.0, 1.0],
                [0.854689, 0.0, -0.51914, -5e-06, -0.51914, 0.0, -0.854689, 0.000946, 0.0, 1.0, 0.0, 0.755725, 0.0, 0.0, 0.0, 1.0]
            ]
        },
        {
            "name": "Thigh_R",
            "time": [0.0, 0.2667, 1.0, 1.6833, 2.4, 3.1167, 3.4333, 3.8, 3.8833, 3.9333, 5.0],
            "transform": [
                [0.993012, 0.090809, -0.075368, 0.124994, 0.097418, -0.991235, 0.089209, -0.002831, -0.066607, -0.095928, -0.993158, -1.2e-05, 0.0, 0.0, 0.0, 1.0],
                [0.997758, -0.019349, -0.064059, 0.124994, -0.000711, -0.960295, 0.278978, -0.002831, -0.066914, -0.278306, -0.958159, -1.2e-05, 0.0, 0.0, 0.0, 1.0],
                [0.991616, -0.125227, -0.031853, 0.124994, -0.097014, -0.884354, 0.456622, -0.002831, -0.085351, -0.449702, -0.889091, -1.2e-05, 0.0, 0.0, 0.0, 1.0],
                [0.991616, -0.125227, -0.031853, 0.124994, -0.097014, -0.884354, 0.456622, -0.002831, -0.085351, -0.449702, -0.889091, -1.2e-05, 0.0, 0.0, 0.0, 1.0],
                [0.991616, -0.125227, -0.031853, 0.124994, -0.097014, -0.884354, 0.456622, -0.002831, -0.085351, -0.449702, -0.889091, -1.2e-05, 0.0, 0.0, 0.0, 1.0],
                [0.991616, -0.125227, -0.031853, 0.124994, -0.097014, -0.884354, 0.456622, -0.002831, -0.085351, -0.449702, -0.889091, -1.2e-05, 0.0, 0.0, 0.0, 1.0],
                [0.991616, -0.125227, -0.031853, 0.124994, -0.097014, -0.884354, 0.456622, -0.002831, -0.085351, -0.449702, -0.889091, -1.2e-05, 0.0, 0.0, 0.0, 1.0],
                [0.996856, -0.056847, -0.05519, 0.124994, -0.034582, -0.938894, 0.342458, -0.002831, -0.071286, -0.339472, -0.937911, -1.2e-05, 0.0, 0.0, 0.0, 1.0],
                [0.996856, -0.056847, -0.05519, 0.124994, -0.034582, -0.938894, 0.342458, -0.002831, -0.071286, -0.339472, -0.937911, -1.2e-05, 0.0, 0.0, 0.0, 1.0],
                [0.996856, -0.056847, -0.05519, 0.124994, -0.034582, -0.938894, 0.342458, -0.002831, -0.071286, -0.339472, -0.937911, -1.2e-05, 0.0, 0.0, 0.0, 1.0],
                [0.993012, 0.090809, -0.075368, 0.124994, 0.097418, -0.991235, 0.089209, -0.002831, -0.066607, -0.095928, -0.993158, -1.2e-05, 0.0, 0.0, 0.0, 1.0]
            ]
        },
        {
            "name": "Leg_R",
            "time": [0.0, 0.2667, 1.0, 1.6833, 2.4, 3.1167, 3.4333, 3.8, 3.8833, 3.9333, 5.0],
            "transform": [
                [1.0, -0.0, 1e-06, 0.0, -0.0, 0.968297, 0.249805, 0.37472, -1e-06, -0.249805, 0.968295, 0.0, 0.0, 0.0, 0.0, 1.0],
                [0.980954, 0.187741, 0.049821, 0.0, -0.18041, 0.785587, 0.591867, 0.37472, 0.071979, -0.589583, 0.804494, -0.0, 0.0, 0.0, 0.0, 1.0],
                [0.927326, 0.335963, 0.164912, 0.0, -0.313756, 0.45767, 0.831922, 0.37472, 0.20402, -0.823206, 0.529818, 0.0, 0.0, 0.0, 0.0, 1.0],
                [0.927326, 0.335963, 0.164912, 0.0, -0.313756, 0.45767, 0.831922, 0.37472, 0.20402, -0.823206, 0.529818, -0.0, 0.0, 0.0, 0.0, 1.0],
                [0.927326, 0.335963, 0.164912, 0.0, -0.313756, 0.45767, 0.831922, 0.37472, 0.20402, -0.823206, 0.529818, -0.0, 0.0, 0.0, 0.0, 1.0],
                [0.927326, 0.335963, 0.164912, 0.0, -0.313756, 0.45767, 0.831922, 0.37472, 0.20402, -0.823206, 0.529818, 0.0, 0.0, 0.0, 0.0, 1.0],
                [0.927326, 0.335963, 0.164912, 0.0, -0.313756, 0.45767, 0.831922, 0.37472, 0.20402, -0.823206, 0.529818, 0.0, 0.0, 0.0, 0.0, 1.0],
                [0.979941, 0.192355, 0.052116, 0.0, -0.184716, 0.778499, 0.599849, 0.37472, 0.074812, -0.597444, 0.798413, -0.0, 0.0, 0.0, 0.0, 1.0],
                [0.979941, 0.192355, 0.052116, 0.0, -0.184716, 0.778499, 0.599849, 0.37472, 0.074812, -0.597444, 0.798413, -0.0, 0.0, 0.0, 0.0, 1.0],
                [0.979941, 0.192355, 0.052116, -0.0, -0.184716, 0.778499, 0.599849, 0.374721, 0.074812, -0.597444, 0.798413, -0.0, 0.0, 0.0, 0.0, 1.0],
                [1.0, -0.0, 1e-06, 0.0, -0.0, 0.968297, 0.249805, 0.37472, -1e-06, -0.249805, 0.968295, 0.0, 0.0, 0.0, 0.0, 1.0]
            ]
        },
        {
            "name": "Knee_R",
            "time": [0.0, 0.2667, 1.0, 1.6833, 2.4, 3.1167, 3.8, 3.8833, 3.9333, 5.0],
            "transform": [
                [1.0, 0.0, -0.0, 0.0, -0.0, 0.0, -1.0, 0.37472, -0.0, 1.0, 0.0, 0.0, 0.0, 0.0, 0.0, 1.0],
                [1.0, 0.0, -0.0, 0.0, -0.0, 0.0, -1.0, 0.37472, -0.0, 1.0, 0.0, -0.0, 0.0, 0.0, 0.0, 1.0],
                [1.0, 0.0, -0.0, 0.0, -0.0, 0.0, -1.0, 0.37472, -0.0, 1.0, 0.0, 0.0, 0.0, 0.0, 0.0, 1.0],
                [1.0, 0.0, -0.0, 0.0, -0.0, 0.0, -1.0, 0.37472, -0.0, 1.0, 0.0, -0.0, 0.0, 0.0, 0.0, 1.0],
                [1.0, 0.0, -0.0, 0.0, -0.0, 0.0, -1.0, 0.37472, -0.0, 1.0, 0.0, -0.0, 0.0, 0.0, 0.0, 1.0],
                [1.0, 0.0, -0.0, 0.0, -0.0, 0.0, -1.0, 0.37472, -0.0, 1.0, 0.0, 0.0, 0.0, 0.0, 0.0, 1.0],
                [1.0, 0.0, -0.0, 0.0, -0.0, 0.0, -1.0, 0.37472, -0.0, 1.0, 0.0, -0.0, 0.0, 0.0, 0.0, 1.0],
                [1.0, 0.0, -0.0, 0.0, -0.0, 0.0, -1.0, 0.37472, -0.0, 1.0, 0.0, -0.0, 0.0, 0.0, 0.0, 1.0],
                [1.0, 0.0, -0.0, -0.0, -0.0, 0.0, -1.0, 0.374721, -0.0, 1.0, 0.0, -0.0, 0.0, 0.0, 0.0, 1.0],
                [1.0, 0.0, -0.0, 0.0, -0.0, 0.0, -1.0, 0.37472, -0.0, 1.0, 0.0, 0.0, 0.0, 0.0, 0.0, 1.0]
            ]
        },
        {
            "name": "Thigh_L",
            "time": [0.0, 0.2667, 1.0, 1.6833, 2.4, 3.1167, 3.4333, 3.8, 3.8833, 3.9333, 5.0],
            "transform": [
                [0.866497, -0.135651, -0.480396, -0.125006, -0.02717, -0.973758, 0.225956, -0.002831, -0.498441, -0.182738, -0.847445, -1.2e-05, 0.0, 0.0, 0.0, 1.0],
                [0.817168, -0.470513, -0.332945, -0.125006, -0.160777, -0.740768, 0.652237, -0.002831, -0.553521, -0.479458, -0.68098, -1.2e-05, 0.0, 0.0, 0.0, 1.0],
                [0.725163, -0.686882, -0.048292, -0.125006, -0.241479, -0.319361, 0.916349, -0.002831, -0.644846, -0.652841, -0.397456, -1.2e-05, 0.0, 0.0, 0.0, 1.0],
                [0.725163, -0.686882, -0.048292, -0.125006, -0.241479, -0.319361, 0.916349, -0.002831, -0.644846, -0.652841, -0.397456, -1.2e-05, 0.0, 0.0, 0.0, 1.0],
                [0.725163, -0.686882, -0.048292, -0.125006, -0.241479, -0.319361, 0.916349, -0.002831, -0.644846, -0.652841, -0.397456, -1.2e-05, 0.0, 0.0, 0.0, 1.0],
                [0.725163, -0.686882, -0.048292, -0.125006, -0.241479, -0.319361, 0.916349, -0.002831, -0.644846, -0.652841, -0.397456, -1.2e-05, 0.0, 0.0, 0.0, 1.0],
                [0.725163, -0.686882, -0.048292, -0.125006, -0.241479, -0.319361, 0.916349, -0.002831, -0.644846, -0.652841, -0.397456, -1.2e-05, 0.0, 0.0, 0.0, 1.0],
                [0.781259, -0.596203, -0.184867, -0.125006, -0.288606, -0.607622, 0.739933, -0.002831, -0.55348, -0.524726, -0.646778, -1.2e-05, 0.0, 0.0, 0.0, 1.0],
                [0.781259, -0.596203, -0.184867, -0.125006, -0.288606, -0.607622, 0.739933, -0.002831, -0.55348, -0.524726, -0.646778, -1.2e-05, 0.0, 0.0, 0.0, 1.0],
                [0.781259, -0.596203, -0.184867, -0.125006, -0.288606, -0.607622, 0.739933, -0.002831, -0.55348, -0.524726, -0.646778, -1.2e-05, 0.0, 0.0, 0.0, 1.0],
                [0.866497, -0.135651, -0.480396, -0.125006, -0.02717, -0.973758, 0.225956, -0.002831, -0.498441, -0.182738, -0.847445, -1.2e-05, 0.0, 0.0, 0.0, 1.0]
            ]
        },
        {
            "name": "Leg_L",
            "time": [0.0, 0.2667, 1.0, 1.6833, 2.4, 3.1167, 3.4333, 3.8, 3.8833, 3.9333, 5.0],
            "transform": [
                [1.0, -0.0, 1e-06, 0.0, 0.0, 0.970944, 0.239307, 0.37472, -1e-06, -0.239307, 0.970944, 0.0, 0.0, 0.0, 0.0, 1.0],
                [0.987811, -0.044285, 0.149227, -0.0, -0.101399, 0.5443, 0.83274, 0.37472, -0.118102, -0.83772, 0.533176, 0.0, 0.0, 0.0, 0.0, 1.0],
                [0.958146, -0.177967, 0.224242, 0.0, -0.254064, -0.167602, 0.952555, 0.37472, -0.13194, -0.969658, -0.205803, -1e-06, 0.0, 0.0, 0.0, 1.0],
                [0.958146, -0.177967, 0.224242, 0.0, -0.254064, -0.167602, 0.952555, 0.37472, -0.13194, -0.969658, -0.205803, -0.0, 0.0, 0.0, 0.0, 1.0],
                [0.958146, -0.177967, 0.224242, 0.0, -0.254064, -0.167602, 0.952555, 0.37472, -0.13194, -0.969658, -0.205803, -1e-06, 0.0, 0.0, 0.0, 1.0],
                [0.958146, -0.177967, 0.224242, 0.0, -0.254064, -0.167602, 0.952555, 0.37472, -0.13194, -0.969658, -0.205803, -1e-06, 0.0, 0.0, 0.0, 1.0],
                [0.958146, -0.177967, 0.224242, 0.0, -0.254064, -0.167602, 0.952555, 0.37472, -0.13194, -0.969658, -0.205803, -1e-06, 0.0, 0.0, 0.0, 1.0],
                [0.997451, -0.01934, 0.068688, 0.0, -0.053191, 0.440173, 0.896336, 0.37472, -0.04757, -0.897704, 0.438022, -0.0, 0.0, 0.0, 0.0, 1.0],
                [0.997451, -0.01934, 0.068688, 0.0, -0.053191, 0.440173, 0.896336, 0.37472, -0.04757, -0.897704, 0.438022, -0.0, 0.0, 0.0, 0.0, 1.0],
                [0.997451, -0.01934, 0.068688, 0.0, -0.053191, 0.440173, 0.896336, 0.37472, -0.04757, -0.897704, 0.438022, -0.0, 0.0, 0.0, 0.0, 1.0],
                [1.0, -0.0, 1e-06, 0.0, 0.0, 0.970944, 0.239307, 0.37472, -1e-06, -0.239307, 0.970944, 0.0, 0.0, 0.0, 0.0, 1.0]
            ]
        },
        {
            "name": "Knee_L",
            "time": [0.0, 0.2667, 1.0, 1.6833, 2.4, 3.1167, 3.8, 3.8833, 3.9333, 5.0],
            "transform": [
                [1.0, 0.0, -0.0, 0.0, -0.0, 0.0, -1.0, 0.37472, -0.0, 1.0, 0.0, 0.0, 0.0, 0.0, 0.0, 1.0],
                [1.0, 0.0, -0.0, -0.0, -0.0, 0.0, -1.0, 0.37472, -0.0, 1.0, 0.0, 0.0, 0.0, 0.0, 0.0, 1.0],
                [1.0, 0.0, -0.0, 0.0, -0.0, 0.0, -1.0, 0.37472, -0.0, 1.0, 0.0, -1e-06, 0.0, 0.0, 0.0, 1.0],
                [1.0, 0.0, -0.0, 0.0, -0.0, 0.0, -1.0, 0.37472, -0.0, 1.0, 0.0, -0.0, 0.0, 0.0, 0.0, 1.0],
                [1.0, 0.0, -0.0, 0.0, -0.0, 0.0, -1.0, 0.37472, -0.0, 1.0, 0.0, -1e-06, 0.0, 0.0, 0.0, 1.0],
                [1.0, 0.0, -0.0, 0.0, -0.0, 0.0, -1.0, 0.37472, -0.0, 1.0, 0.0, -1e-06, 0.0, 0.0, 0.0, 1.0],
                [1.0, 0.0, -0.0, 0.0, -0.0, 0.0, -1.0, 0.37472, -0.0, 1.0, 0.0, -0.0, 0.0, 0.0, 0.0, 1.0],
                [1.0, 0.0, -0.0, 0.0, -0.0, 0.0, -1.0, 0.37472, -0.0, 1.0, 0.0, -0.0, 0.0, 0.0, 0.0, 1.0],
                [1.0, 0.0, -0.0, 0.0, -0.0, 0.0, -1.0, 0.37472, -0.0, 1.0, 0.0, -0.0, 0.0, 0.0, 0.0, 1.0],
                [1.0, 0.0, -0.0, 0.0, -0.0, 0.0, -1.0, 0.37472, -0.0, 1.0, 0.0, 0.0, 0.0, 0.0, 0.0, 1.0]
            ]
        },
        {
            "name": "Torso",
            "time": [0.0, 0.2667, 1.0, 1.6833, 2.4, 3.1167, 3.8, 3.8833, 3.9333, 5.0],
            "transform": [
                [0.99978, -0.020971, -0.000197, -0.0, 0.020971, 0.999603, 0.018833, 0.05, -0.000198, -0.018833, 0.999823, 0.0, 0.0, 0.0, 0.0, 1.0],
                [0.999976, 0.006679, 0.002013, -0.0, -0.00662, 0.999597, -0.027613, 0.05, -0.002196, 0.027599, 0.999617, 0.0, 0.0, 0.0, 0.0, 1.0],
                [0.999404, 0.034396, 0.002936, -0.0, -0.034085, 0.996673, -0.074042, 0.05, -0.005473, 0.073898, 0.997251, 0.0, 0.0, 0.0, 0.0, 1.0],
                [0.999404, 0.034396, 0.002936, -0.0, -0.034085, 0.996673, -0.074042, 0.05, -0.005473, 0.073898, 0.997251, 0.0, 0.0, 0.0, 0.0, 1.0],
                [0.999404, 0.034396, 0.002936, 0.0, -0.034085, 0.996673, -0.074042, 0.05, -0.005473, 0.073898, 0.997251, -0.0, 0.0, 0.0, 0.0, 1.0],
                [0.999404, 0.034396, 0.002936, -0.0, -0.034085, 0.996673, -0.074042, 0.05, -0.005473, 0.073898, 0.997251, 0.0, 0.0, 0.0, 0.0, 1.0],
                [0.999404, 0.034396, 0.002936, 0.0, -0.034085, 0.996673, -0.074042, 0.05, -0.005473, 0.073898, 0.997251, 0.0, 0.0, 0.0, 0.0, 1.0],
                [0.999404, 0.034396, 0.002936, 0.0, -0.034085, 0.996673, -0.074042, 0.05, -0.005473, 0.073898, 0.997251, 0.0, 0.0, 0.0, 0.0, 1.0],
                [0.999404, 0.034396, 0.002936, -0.0, -0.034085, 0.996673, -0.074042, 0.05, -0.005473, 0.073898, 0.997251, 0.0, 0.0, 0.0, 0.0, 1.0],
                [0.99978, -0.020971, -0.000197, -0.0, 0.020971, 0.999603, 0.018833, 0.05, -0.000198, -0.018833, 0.999823, 0.0, 0.0, 0.0, 0.0, 1.0]
            ]
        },
        {
            "name": "Chest",
            "time": [0.0, 0.2667, 1.0, 1.6833, 2.4, 3.1167, 3.4333, 3.5167, 3.8, 3.8833, 3.9333, 5.0],
            "transform": [
                [0.999771, -0.021411, -0.000206, 0.0, 0.021411, 0.999586, 0.019219, 0.3, -0.000206, -0.019219, 0.999815, 0.0, 0.0, 0.0, 0.0, 1.0],
                [0.999969, 0.007682, 0.001619, -0.0, -0.00763, 0.999528, -0.029763, 0.3, -0.001847, 0.02975, 0.999556, -0.0, 0.0, 0.0, 0.0, 1.0],
                [0.99932, 0.036823, 0.002017, 0.0, -0.03655, 0.996228, -0.078706, 0.3, -0.004908, 0.078579, 0.996896, -0.0, 0.0, 0.0, 0.0, 1.0],
                [0.99932, 0.036823, 0.002017, -0.0, -0.03655, 0.996228, -0.078706, 0.299999, -0.004908, 0.078579, 0.996896, -0.0, 0.0, 0.0, 0.0, 1.0],
                [0.99932, 0.036823, 0.002017, 0.0, -0.03655, 0.996228, -0.078706, 0.3, -0.004908, 0.078579, 0.996896, -0.0, 0.0, 0.0, 0.0, 1.0],
                [0.99932, 0.036823, 0.002017, 0.0, -0.03655, 0.996228, -0.078706, 0.3, -0.004908, 0.078579, 0.996896, -0.0, 0.0, 0.0, 0.0, 1.0],
                [0.99932, 0.036823, 0.002017, 0.0, -0.03655, 0.996228, -0.078706, 0.3, -0.004908, 0.078579, 0.996896, -0.0, 0.0, 0.0, 0.0, 1.0],
                [0.97112, 1.5e-05, -0.238592, 0.0, -0.02428, 0.994815, -0.098762, 0.3, 0.237354, 0.101703, 0.966085, -0.0, 0.0, 0.0, 0.0, 1.0],
                [0.99932, 0.036823, 0.002017, 0.0, -0.03655, 0.996228, -0.078706, 0.3, -0.004908, 0.078579, 0.996896, -0.0, 0.0, 0.0, 0.0, 1.0],
                [0.99932, 0.036823, 0.002017, 0.0, -0.03655, 0.996228, -0.078706, 0.3, -0.004908, 0.078579, 0.996896, -0.0, 0.0, 0.0, 0.0, 1.0],
                [0.99932, 0.036823, 0.002017, -0.0, -0.03655, 0.996228, -0.078706, 0.299999, -0.004908, 0.078579, 0.996896, -0.0, 0.0, 0.0, 0.0, 1.0],
                [0.999771, -0.021411, -0.000206, 0.0, 0.021411, 0.999586, 0.019219, 0.3, -0.000206, -0.019219, 0.999815, 0.0, 0.0, 0.0, 0.0, 1.0]
            ]
        },
        {
            "name": "Head",
            "time": [0.0, 0.2667, 1.0, 1.6833, 2.4, 3.1167, 3.5167, 3.8, 3.85, 4.2167, 5.0],
            "transform": [
                [0.85311, 0.037721, 0.520365, -0.0, -0.006297, 0.998055, -0.062025, 0.4, -0.521692, 0.049637, 0.851689, 0.0, 0.0, 0.0, 0.0, 1.0],
                [0.86016, -0.161696, 0.483713, 0.0, -0.009047, 0.943427, 0.331458, 0.4, -0.509943, -0.289483, 0.810035, 0.0, 0.0, 0.0, 0.0, 1.0],
                [0.86708, -0.331069, 0.372244, 0.0, -0.006245, 0.739942, 0.672642, 0.4, -0.49813, -0.585559, 0.639521, -0.0, 0.0, 0.0, 0.0, 1.0],
                [0.86708, -0.331069, 0.372244, 0.0, -0.006245, 0.739942, 0.672642, 0.399999, -0.49813, -0.585559, 0.639521, 0.0, 0.0, 0.0, 0.0, 1.0],
                [0.86708, -0.331069, 0.372244, 0.0, -0.006245, 0.739942, 0.672642, 0.4, -0.49813, -0.585559, 0.639521, -0.0, 0.0, 0.0, 0.0, 1.0],
                [0.86708, -0.331069, 0.372244, 0.0, -0.006245, 0.739942, 0.672642, 0.4, -0.49813, -0.585559, 0.639521, -0.0, 0.0, 0.0, 0.0, 1.0],
                [0.86708, -0.331069, 0.372244, -0.0, -0.006245, 0.739942, 0.672642, 0.4, -0.49813, -0.585559, 0.639521, -0.0, 0.0, 0.0, 0.0, 1.0],
                [0.856242, -0.053912, 0.513755, 0.0, -0.008217, 0.992992, 0.117897, 0.4, -0.51651, -0.10517, 0.849798, 0.0, 0.0, 0.0, 0.0, 1.0],
                [0.856242, -0.053912, 0.513755, 0.0, -0.008217, 0.992992, 0.117897, 0.4, -0.51651, -0.10517, 0.849798, 0.0, 0.0, 0.0, 0.0, 1.0],
                [0.859263, -0.137806, 0.492622, -0.0, -0.009006, 0.958804, 0.283926, 0.4, -0.511454, -0.248403, 0.822624, 0.0, 0.0, 0.0, 0.0, 1.0],
                [0.859263, -0.137806, 0.492622, -0.0, -0.009006, 0.958804, 0.283926, 0.4, -0.511454, -0.248403, 0.822624, 0.0, 0.0, 0.0, 0.0, 1.0]
            ]
        },
        {
            "name": "Shoulder_R",
            "time": [0.0, 0.2667, 1.0, 1.6833, 2.4, 3.1167, 3.8, 3.8833, 3.9333, 5.0],
            "transform": [
                [0.457328, 0.850515, 0.259762, -0.0, -0.015198, -0.28458, 0.958532, 0.4, 0.889168, -0.442311, -0.11722, 0.0, 0.0, 0.0, 0.0, 1.0],
                [0.457328, 0.850515, 0.259762, 0.0, -0.015198, -0.28458, 0.958532, 0.4, 0.889168, -0.442311, -0.11722, 0.0, 0.0, 0.0, 0.0, 1.0],
                [0.457327, 0.850515, 0.259762, 0.0, -0.015198, -0.28458, 0.958532, 0.4, 0.889168, -0.442311, -0.11722, -0.0, 0.0, 0.0, 0.0, 1.0],
                [0.457327, 0.850515, 0.259762, 0.0, -0.015198, -0.28458, 0.958532, 0.399999, 0.889168, -0.442311, -0.11722, 0.0, 0.0, 0.0, 0.0, 1.0],
                [0.457327, 0.850515, 0.259762, 0.0, -0.015198, -0.28458, 0.958532, 0.4, 0.889168, -0.442311, -0.11722, -0.0, 0.0, 0.0, 0.0, 1.0],
                [0.457327, 0.850515, 0.259762, 0.0, -0.015198, -0.28458, 0.958532, 0.4, 0.889168, -0.442311, -0.11722, -0.0, 0.0, 0.0, 0.0, 1.0],
                [0.457327, 0.850515, 0.259762, 0.0, -0.015198, -0.28458, 0.958532, 0.4, 0.889168, -0.442311, -0.11722, 0.0, 0.0, 0.0, 0.0, 1.0],
                [0.457327, 0.850515, 0.259762, -0.0, -0.015198, -0.28458, 0.958532, 0.4, 0.889168, -0.442311, -0.11722, -0.0, 0.0, 0.0, 0.0, 1.0],
                [0.457327, 0.850515, 0.259762, 0.0, -0.015198, -0.28458, 0.958532, 0.399999, 0.889168, -0.442311, -0.11722, 0.0, 0.0, 0.0, 0.0, 1.0],
                [0.457328, 0.850515, 0.259762, -0.0, -0.015198, -0.28458, 0.958532, 0.4, 0.889168, -0.442311, -0.11722, 0.0, 0.0, 0.0, 0.0, 1.0]
            ]
        },
        {
            "name": "Arm_R",
            "time": [0.0, 0.2667, 1.0, 1.6833, 2.4, 3.1167, 3.5667, 3.6833, 3.8, 5.0],
            "transform": [
                [-0.623067, 0.482424, -0.615674, 0.0, 0.713179, 0.673629, -0.193906, 0.393861, 0.321191, -0.559902, -0.763771, 0.0, 0.0, 0.0, 0.0, 1.0],
                [-0.295973, -0.251263, -0.921557, 0.0, 0.545272, 0.747696, -0.378983, 0.393861, 0.784269, -0.614668, -0.084291, -0.0, 0.0, 0.0, 0.0, 1.0],
                [0.291207, -0.769889, -0.567864, 0.0, 0.487529, 0.630157, -0.604333, 0.393861, 0.823112, -0.100864, 0.558849, -0.0, 0.0, 0.0, 0.0, 1.0],
                [0.291207, -0.769889, -0.567864, -0.0, 0.487529, 0.630157, -0.604333, 0.39386, 0.823112, -0.100864, 0.558849, 0.0, 0.0, 0.0, 0.0, 1.0],
                [0.291207, -0.769889, -0.567864, 0.0, 0.487529, 0.630157, -0.604333, 0.39386, 0.823112, -0.100864, 0.558849, 0.0, 0.0, 0.0, 0.0, 1.0],
                [0.291207, -0.769889, -0.567864, 0.0, 0.487529, 0.630157, -0.604333, 0.393861, 0.823112, -0.100864, 0.558849, -0.0, 0.0, 0.0, 0.0, 1.0],
                [-0.752416, 0.505754, -0.421998, 0.0, 0.599932, 0.790686, -0.122054, 0.393861, 0.271939, -0.345005, -0.898343, 0.0, 0.0, 0.0, 0.0, 1.0],
                [-0.532021, -0.00876, -0.846686, 0.0, 0.498162, 0.805336, -0.321355, 0.393861, 0.684682, -0.592754, -0.424091, 1e-06, 0.0, 0.0, 0.0, 1.0],
                [-0.542845, 0.018454, -0.83963, 0.0, 0.509959, 0.801589, -0.312085, 0.39386, 0.667279, -0.597591, -0.444549, -0.0, 0.0, 0.0, 0.0, 1.0],
                [-0.623067, 0.482424, -0.615674, 0.0, 0.713179, 0.673629, -0.193906, 0.393861, 0.321191, -0.559902, -0.763771, 0.0, 0.0, 0.0, 0.0, 1.0]
            ]
        },
        {
            "name": "Hand_R",
            "time": [0.0, 0.2667, 1.0, 1.6833, 2.4, 3.1167, 3.5667, 3.6833, 3.8, 5.0],
            "transform": [
                [0.999998, 0.001303, 0.001275, -0.0, 0.000868, 0.275045, -0.961431, 0.3, -0.001603, 0.961431, 0.275043, 0.0, 0.0, 0.0, 0.0, 1.0],
                [0.942323, -0.333306, 0.030564, 0.0, 0.220193, 0.548569, -0.80659, 0.3, 0.252075, 0.766798, 0.590321, 0.0, 0.0, 0.0, 0.0, 1.0],
                [0.782084, -0.620343, -0.059324, -0.0, 0.488154, 0.669026, -0.560455, 0.3, 0.387364, 0.409364, 0.826057, -0.0, 0.0, 0.0, 0.0, 1.0],
                [0.782084, -0.620343, -0.059324, -0.0, 0.488154, 0.669026, -0.560455, 0.300001, 0.387364, 0.409364, 0.826057, -0.0, 0.0, 0.0, 0.0, 1.0],
                [0.782084, -0.620343, -0.059324, 0.0, 0.488154, 0.669026, -0.560455, 0.3, 0.387364, 0.409364, 0.826057, -1e-06, 0.0, 0.0, 0.0, 1.0],
                [0.782084, -0.620343, -0.059324, -0.0, 0.488154, 0.669026, -0.560455, 0.3, 0.387364, 0.409364, 0.826057, -0.0, 0.0, 0.0, 0.0, 1.0],
                [0.737215, 0.545656, -0.398464, 0.0, -0.092869, -0.502311, -0.859685, 0.3, -0.669246, 0.670778, -0.319636, 0.0, 0.0, 0.0, 0.0, 1.0],
                [0.967636, 0.24197, -0.071635, 0.0, -0.089785, 0.064822, -0.993849, 0.3, -0.235838, 0.968116, 0.084449, 0.0, 0.0, 0.0, 0.0, 1.0],
                [0.986968, 0.156038, -0.039317, -0.0, -0.062353, 0.145608, -0.987375, 0.3, -0.148343, 0.97696, 0.15344, 0.0, 0.0, 0.0, 0.0, 1.0],
                [0.999998, 0.001303, 0.001275, -0.0, 0.000868, 0.275045, -0.961431, 0.3, -0.001603, 0.961431, 0.275043, 0.0, 0.0, 0.0, 0.0, 1.0]
            ]
        },
        {
            "name": "Tool_R",
            "time": [0.0, 0.2667, 1.0, 1.7333, 2.4, 3.1167, 3.45, 3.8, 3.8833, 3.9333, 5.0],
            "transform": [
                [0.99974, -0.014836, -0.017314, 0.010704, -0.020979, -0.895954, -0.443652, 0.330594, -0.00893, 0.4439, -0.896032, 0.180508, 0.0, 0.0, 0.0, 1.0],
                [0.919927, -0.054664, -0.38826, 0.003552, -0.162558, -0.954293, -0.2508, 0.593279, -0.356804, 0.293832, -0.886766, 0.107125, 0.0, 0.0, 0.0, 1.0],
                [0.70761, -0.150707, -0.690345, -0.003601, -0.219667, -0.975499, -0.012203, 0.855964, -0.671591, 0.160281, -0.723378, 0.033742, 0.0, 0.0, 0.0, 1.0],
                [0.70761, -0.150707, -0.690345, 0.116187, -0.219667, -0.975499, -0.012203, 0.836596, -0.671591, 0.160281, -0.723378, 0.161047, 0.0, 0.0, 0.0, 1.0],
                [0.70761, -0.150707, -0.690345, -0.046818, -0.219667, -0.975499, -0.012203, 0.862952, -0.671591, 0.160281, -0.723378, -0.012186, 0.0, 0.0, 0.0, 1.0],
                [0.70761, -0.150707, -0.690345, -0.003601, -0.219667, -0.975499, -0.012203, 0.855964, -0.671591, 0.160281, -0.723378, 0.033742, 0.0, 0.0, 0.0, 1.0],
                [0.70761, -0.150707, -0.690345, -0.040465, -0.219667, -0.975499, -0.012203, 0.288736, -0.671591, 0.160281, -0.723378, -0.017869, 0.0, 0.0, 0.0, 1.0],
                [0.763135, -0.125916, -0.633854, -0.034822, -0.215236, -0.974358, -0.065578, 0.293352, -0.609343, 0.186473, -0.770668, 0.004007, 0.0, 0.0, 0.0, 1.0],
                [0.783589, -0.116742, -0.610213, -0.032632, -0.212283, -0.973384, -0.086376, 0.295143, -0.583887, 0.197221, -0.787515, 0.012496, 0.0, 0.0, 0.0, 1.0],
                [0.797701, -0.110398, -0.592862, -0.031077, -0.20976, -0.972508, -0.101141, 0.296416, -0.565398, 0.205039, -0.798928, 0.018525, 0.0, 0.0, 0.0, 1.0],
                [0.99974, -0.014836, -0.017314, 0.010704, -0.020979, -0.895954, -0.443652, 0.330594, -0.00893, 0.4439, -0.896032, 0.180508, 0.0, 0.0, 0.0, 1.0]
            ]
        },
        {
            "name": "Elbow_R",
            "time": [0.0, 0.2667, 1.0, 1.6833, 2.4, 3.1167, 3.8, 3.8833, 3.9333, 5.0],
            "transform": [
                [-1.0, 0.0, -0.0, -0.0, 0.0, 0.0, -1.0, 0.429832, -0.0, -1.0, -0.0, 0.0, 0.0, 0.0, 0.0, 1.0],
                [-1.0, 0.0, -0.0, -0.0, 0.0, 0.0, -1.0, 0.429832, -0.0, -1.0, -0.0, 0.0, 0.0, 0.0, 0.0, 1.0],
                [-1.0, 0.0, 0.0, 0.0, 0.0, 0.0, -1.0, 0.429832, -0.0, -1.0, -0.0, 0.0, 0.0, 0.0, 0.0, 1.0],
                [-1.0, 0.0, 0.0, -0.0, 0.0, 0.0, -1.0, 0.429833, -0.0, -1.0, -0.0, -0.0, 0.0, 0.0, 0.0, 1.0],
                [-1.0, 0.0, 0.0, 0.0, 0.0, 0.0, -1.0, 0.429833, -0.0, -1.0, -0.0, -0.0, 0.0, 0.0, 0.0, 1.0],
                [-1.0, 0.0, 0.0, 0.0, 0.0, 0.0, -1.0, 0.429832, -0.0, -1.0, -0.0, 0.0, 0.0, 0.0, 0.0, 1.0],
                [-1.0, 0.0, -0.0, -0.0, 0.0, 0.0, -1.0, 0.429832, -0.0, -1.0, -0.0, 0.0, 0.0, 0.0, 0.0, 1.0],
                [-1.0, 0.0, -0.0, -0.0, 0.0, 0.0, -1.0, 0.429831, -0.0, -1.0, -0.0, -0.0, 0.0, 0.0, 0.0, 1.0],
                [-1.0, 0.0, -0.0, -0.0, 0.0, -0.0, -1.0, 0.429833, -0.0, -1.0, 0.0, 0.0, 0.0, 0.0, 0.0, 1.0],
                [-1.0, 0.0, -0.0, -0.0, 0.0, 0.0, -1.0, 0.429832, -0.0, -1.0, -0.0, 0.0, 0.0, 0.0, 0.0, 1.0]
            ]
        },
        {
            "name": "Shoulder_L",
            "time": [0.0, 0.2667, 1.0, 1.6833, 2.4, 3.1167, 3.8, 3.8833, 3.9333, 5.0],
            "transform": [
                [0.14722, -0.896624, -0.417602, -0.0, 0.151844, -0.39671, 0.905298, 0.4, -0.977379, -0.196688, 0.077744, 0.0, 0.0, 0.0, 0.0, 1.0],
                [0.126797, -0.88088, -0.45604, 0.0, -0.023843, -0.462325, 0.88639, 0.4, -0.991642, -0.101519, -0.079624, 0.0, 0.0, 0.0, 0.0, 1.0],
                [0.113955, -0.860936, -0.495786, 0.0, -0.199856, -0.5087, 0.837426, 0.4, -0.973176, 0.003657, -0.230032, -0.0, 0.0, 0.0, 0.0, 1.0],
                [0.113955, -0.860936, -0.495786, 0.0, -0.199856, -0.5087, 0.837426, 0.399999, -0.973176, 0.003657, -0.230032, 0.0, 0.0, 0.0, 0.0, 1.0],
                [0.113955, -0.860936, -0.495786, 0.0, -0.199856, -0.5087, 0.837426, 0.4, -0.973176, 0.003657, -0.230032, -0.0, 0.0, 0.0, 0.0, 1.0],
                [0.113955, -0.860936, -0.495786, 0.0, -0.199856, -0.5087, 0.837426, 0.4, -0.973176, 0.003657, -0.230032, -0.0, 0.0, 0.0, 0.0, 1.0],
                [0.113955, -0.860936, -0.495786, 0.0, -0.199856, -0.5087, 0.837426, 0.4, -0.973176, 0.003657, -0.230032, 0.0, 0.0, 0.0, 0.0, 1.0],
                [0.113955, -0.860936, -0.495786, -0.0, -0.199856, -0.5087, 0.837426, 0.4, -0.973176, 0.003657, -0.230032, -0.0, 0.0, 0.0, 0.0, 1.0],
                [0.113955, -0.860936, -0.495786, 0.0, -0.199856, -0.5087, 0.837426, 0.399999, -0.973176, 0.003657, -0.230032, 0.0, 0.0, 0.0, 0.0, 1.0],
                [0.14722, -0.896624, -0.417602, -0.0, 0.151844, -0.39671, 0.905298, 0.4, -0.977379, -0.196688, 0.077744, 0.0, 0.0, 0.0, 0.0, 1.0]
            ]
        },
        {
            "name": "Arm_L",
            "time": [0.0, 0.2667, 1.0, 1.6833, 2.4, 3.1167, 3.8, 5.0],
            "transform": [
                [-0.265655, 0.370058, 0.890216, 0.0, -0.808168, 0.417976, -0.414922, 0.39386, -0.525634, -0.82967, 0.188031, 0.0, 0.0, 0.0, 0.0, 1.0],
                [-0.065517, 0.546304, 0.835021, 0.0, -0.87235, 0.37493, -0.313741, 0.39386, -0.484473, -0.748985, 0.452004, 0.0, 0.0, 0.0, 0.0, 1.0],
                [0.120606, 0.697696, 0.706169, 0.0, -0.914118, 0.355444, -0.195058, 0.393861, -0.387095, -0.621996, 0.680646, -0.0, 0.0, 0.0, 0.0, 1.0],
                [0.120606, 0.697696, 0.706169, 0.0, -0.914118, 0.355444, -0.195058, 0.39386, -0.387095, -0.621996, 0.680646, 1e-06, 0.0, 0.0, 0.0, 1.0],
                [0.120606, 0.697696, 0.706169, 0.0, -0.914118, 0.355444, -0.195058, 0.393861, -0.387095, -0.621996, 0.680646, -0.0, 0.0, 0.0, 0.0, 1.0],
                [0.120606, 0.697696, 0.706169, 0.0, -0.914118, 0.355444, -0.195058, 0.393861, -0.387095, -0.621996, 0.680646, -0.0, 0.0, 0.0, 0.0, 1.0],
                [-0.265655, 0.370058, 0.890216, 0.0, -0.808168, 0.417976, -0.414922, 0.393861, -0.525634, -0.82967, 0.188031, -0.0, 0.0, 0.0, 0.0, 1.0],
                [-0.265655, 0.370058, 0.890216, 0.0, -0.808168, 0.417976, -0.414922, 0.39386, -0.525634, -0.82967, 0.188031, 0.0, 0.0, 0.0, 0.0, 1.0]
            ]
        },
        {
            "name": "Hand_L",
            "time": [0.0, 0.2667, 1.0, 1.6833, 2.4, 3.1167, 3.8, 5.0],
            "transform": [
                [0.999993, -0.003543, -0.001365, 0.0, 0.000938, 0.579026, -0.815309, 0.3, 0.003679, 0.815302, 0.579025, 0.0, 0.0, 0.0, 0.0, 1.0],
                [0.770055, 0.635689, 0.053996, 0.0, -0.152852, 0.266005, -0.951776, 0.3, -0.619397, 0.724666, 0.302005, -0.0, 0.0, 0.0, 0.0, 1.0],
                [0.199406, 0.974714, -0.100844, 0.0, -0.052194, -0.0922, -0.994372, 0.3, -0.978526, 0.203547, 0.032489, 0.0, 0.0, 0.0, 0.0, 1.0],
                [0.199406, 0.974714, -0.100844, 0.0, -0.052194, -0.0922, -0.994372, 0.3, -0.978526, 0.203547, 0.032489, 1e-06, 0.0, 0.0, 0.0, 1.0],
                [0.199406, 0.974714, -0.100844, -0.0, -0.052194, -0.0922, -0.994372, 0.3, -0.978526, 0.203547, 0.032489, 0.0, 0.0, 0.0, 0.0, 1.0],
                [0.199406, 0.974714, -0.100844, 0.0, -0.052194, -0.0922, -0.994372, 0.3, -0.978526, 0.203547, 0.032489, 0.0, 0.0, 0.0, 0.0, 1.0],
                [0.999993, -0.003543, -0.001365, -0.0, 0.000938, 0.579026, -0.815309, 0.299999, 0.003679, 0.815302, 0.579025, 0.0, 0.0, 0.0, 0.0, 1.0],
                [0.999993, -0.003543, -0.001365, 0.0, 0.000938, 0.579026, -0.815309, 0.3, 0.003679, 0.815302, 0.579025, 0.0, 0.0, 0.0, 0.0, 1.0]
            ]
        },
        {
            "name": "Tool_L",
            "time": [0.0, 0.2667, 1.0, 1.6833, 2.4, 3.1167, 3.8, 3.8833, 3.9333, 5.0],
            "transform": [
                [0.997004, 0.01104, -0.076554, 0.0, -0.036659, -0.804079, -0.593391, 0.272858, -0.068107, 0.59442, -0.801266, -0.0, 0.0, 0.0, 0.0, 1.0],
                [0.997004, 0.01104, -0.076554, -0.0, -0.036659, -0.804079, -0.593391, 0.272858, -0.068106, 0.59442, -0.801265, -0.0, 0.0, 0.0, 0.0, 1.0],
                [0.997004, 0.01104, -0.076554, -0.0, -0.036659, -0.804079, -0.593391, 0.272858, -0.068106, 0.59442, -0.801265, 0.0, 0.0, 0.0, 0.0, 1.0],
                [0.997004, 0.01104, -0.076554, -0.0, -0.036659, -0.804079, -0.593391, 0.272858, -0.068106, 0.59442, -0.801265, 0.0, 0.0, 0.0, 0.0, 1.0],
                [0.997004, 0.01104, -0.076554, -0.0, -0.036659, -0.804079, -0.593391, 0.272858, -0.068106, 0.59442, -0.801265, 0.0, 0.0, 0.0, 0.0, 1.0],
                [0.997004, 0.01104, -0.076554, -0.0, -0.036659, -0.804079, -0.593391, 0.272858, -0.068106, 0.59442, -0.801265, 0.0, 0.0, 0.0, 0.0, 1.0],
                [0.997004, 0.01104, -0.076554, 0.0, -0.036659, -0.804079, -0.593391, 0.272858, -0.068106, 0.59442, -0.801265, -0.0, 0.0, 0.0, 0.0, 1.0],
                [0.997004, 0.01104, -0.076554, 0.0, -0.036659, -0.804079, -0.593391, 0.272858, -0.068106, 0.59442, -0.801265, -1e-06, 0.0, 0.0, 0.0, 1.0],
                [0.997004, 0.01104, -0.076554, -0.0, -0.036659, -0.804079, -0.593391, 0.272858, -0.068106, 0.59442, -0.801265, -0.0, 0.0, 0.0, 0.0, 1.0],
                [0.997004, 0.01104, -0.076554, 0.0, -0.036659, -0.804079, -0.593391, 0.272858, -0.068107, 0.59442, -0.801266, -0.0, 0.0, 0.0, 0.0, 1.0]
            ]
        },
        {
            "name": "Elbow_L",
            "time": [0.0, 0.2667, 1.0, 1.6833, 2.4, 3.1167, 3.8, 3.8833, 3.9333, 5.0],
            "transform": [
                [-1.0, 0.0, -0.0, 2.7e-05, 0.0, -0.0, -1.0, 0.396148, -0.0, -1.0, 0.0, -0.002121, 0.0, 0.0, 0.0, 1.0],
                [-1.0, 0.0, -0.0, 2.7e-05, -0.0, -0.0, -1.0, 0.396148, -0.0, -1.0, 0.0, -0.002121, 0.0, 0.0, 0.0, 1.0],
                [-1.0, 0.0, -0.0, 2.7e-05, 0.0, -0.0, -1.0, 0.396147, -0.0, -1.0, 0.0, -0.00212, 0.0, 0.0, 0.0, 1.0],
                [-1.0, 0.0, -0.0, 2.7e-05, 0.0, -0.0, -1.0, 0.396148, -0.0, -1.0, 0.0, -0.00212, 0.0, 0.0, 0.0, 1.0],
                [-1.0, 0.0, -0.0, 2.7e-05, 0.0, -0.0, -1.0, 0.396148, -0.0, -1.0, 0.0, -0.00212, 0.0, 0.0, 0.0, 1.0],
                [-1.0, 0.0, -0.0, 2.7e-05, 0.0, -0.0, -1.0, 0.396147, -0.0, -1.0, 0.0, -0.00212, 0.0, 0.0, 0.0, 1.0],
                [-1.0, 0.0, -0.0, 2.7e-05, 0.0, -0.0, -1.0, 0.396147, -0.0, -1.0, 0.0, -0.00212, 0.0, 0.0, 0.0, 1.0],
                [-1.0, 0.0, -0.0, 2.7e-05, 0.0, -0.0, -1.0, 0.396147, -0.0, -1.0, 0.0, -0.00212, 0.0, 0.0, 0.0, 1.0],
                [-1.0, 0.0, -0.0, 2.7e-05, 0.0, -0.0, -1.0, 0.396148, -0.0, -1.0, 0.0, -0.002121, 0.0, 0.0, 0.0, 1.0],
                [-1.0, 0.0, -0.0, 2.7e-05, 0.0, -0.0, -1.0, 0.396148, -0.0, -1.0, 0.0, -0.002121, 0.0, 0.0, 0.0, 1.0]
            ]
        }
    ]
}