{
    "animation": [
        {
            "name": "Root",
            "time": [0.0, 0.2, 0.4667, 0.5333, 0.6667, 0.7667, 0.9333, 1.0, 1.0667, 1.1333, 1.2333, 1.4, 1.7],
            "transform": [
                [0.255131, 0.0, -0.966907, -5e-06, -0.962781, -0.092282, -0.254043, 0.000946, -0.089228, 0.995733, -0.023544, 0.661193, 0.0, 0.0, 0.0, 1.0],
                [0.315278, 0.011551, -0.948929, -5e-06, -0.945079, -0.086976, -0.315057, 0.432729, -0.086174, 0.996143, -0.016505, 0.729132, 0.0, 0.0, 0.0, 1.0],
                [0.315278, 0.011551, -0.948929, -5e-06, -0.913674, 0.273976, -0.300229, 0.733598, 0.256515, 0.961667, 0.096933, 0.647606, 0.0, 0.0, 0.0, 1.0],
                [-0.178033, 0.122559, -0.976363, 0.008805, -0.977568, 0.09145, 0.189733, 1.268759, 0.112542, 0.988239, 0.103528, 0.488705, 0.0, 0.0, 0.0, 1.0],
                [-0.600583, 0.123845, -0.789913, 0.01959, -0.7992, -0.063231, 0.59773, 1.604953, 0.024079, 0.990285, 0.136953, 0.48904, 0.0, 0.0, 0.0, 1.0],
                [-0.974889, 0.03828, -0.219376, 0.043024, -0.222653, -0.149385, 0.963384, 1.843025, 0.004107, 0.988038, 0.154157, 0.493167, 0.0, 0.0, 0.0, 1.0],
                [-0.110879, -0.136821, 0.984371, 0.110121, 0.993449, -0.042822, 0.105949, 2.456341, 0.027657, 0.98967, 0.140672, 2.054138, 0.0, 0.0, 0.0, 1.0],
                [0.078486, -0.143504, 0.986533, 0.094892, 0.996607, -0.013313, -0.081225, 2.561454, 0.02479, 0.98956, 0.141973, 2.008088, 0.0, 0.0, 0.0, 1.0],
                [0.848296, -0.099677, 0.520057, -5e-06, 0.52906, 0.118469, -0.840274, 2.887709, 0.022146, 0.987942, 0.153232, 1.334206, 0.0, 0.0, 0.0, 1.0],
                [0.940906, 0.022674, -0.337907, -5e-06, -0.337508, 0.145239, -0.930051, 3.256294, 0.02799, 0.989137, 0.144309, 0.60239, 0.0, 0.0, 0.0, 1.0],
                [0.830898, 0.055477, -0.553652, -5e-06, -0.555737, 0.132197, -0.820781, 3.445217, 0.027657, 0.98967, 0.140672, 0.379721, 0.0, 0.0, 0.0, 1.0],
                [0.852686, 0.050087, -0.520017, -5e-06, -0.521691, 0.134332, -0.842493, 3.589637, 0.027657, 0.98967, 0.140672, 0.379721, 0.0, 0.0, 0.0, 1.0],
                [0.897882, 0.037259, -0.438656, -5e-06, -0.439366, 0.138439, -0.887576, 3.507203, 0.027657, 0.98967, 0.140672, 0.681601, 0.0, 0.0, 0.0, 1.0]
            ]
        },
        {
            "name": "Thigh_R",
            "time": [0.0, 0.2, 0.4667, 0.5333, 0.6667, 0.7667, 0.9333, 1.0, 1.0667, 1.1333, 1.2333, 1.4, 1.7],
            "transform": [
                [0.279286, -0.688373, -0.669433, -0.083887, -0.024172, -0.701992, 0.711772, -0.023896, -0.959904, -0.182606, -0.212697, -0.099294, 0.0, 0.0, 0.0, 1.0],
                [0.347666, 0.044002, -0.936585, -0.022603, 0.014119, -0.999028, -0.041695, -0.019027, -0.937512, 0.001273, -0.347951, -0.128001, 0.0, 0.0, 0.0, 1.0],
                [0.931788, 0.362958, -0.005683, 0.09407, 0.355493, -0.909227, 0.216627, -0.00829, 0.073459, -0.20387, -0.976238, -0.089106, 0.0, 0.0, 0.0, 1.0],
                [0.683188, 0.72987, -0.023264, 0.104931, 0.699024, -0.644432, 0.309952, -0.01443, 0.211233, -0.228017, -0.950467, -0.041185, 0.0, 0.0, 0.0, 1.0],
                [0.524719, 0.849529, -0.05447, 0.105644, 0.792484, -0.464111, 0.395687, -0.01752, 0.310868, -0.250791, -0.916768, -0.02512, 0.0, 0.0, 0.0, 1.0],
                [0.436752, 0.89119, -0.122573, 0.105814, 0.74059, -0.278859, 0.611362, -0.018259, 0.51066, -0.35779, -0.781801, -0.021278, 0.0, 0.0, 0.0, 1.0],
                [0.59733, 0.800756, 0.044548, 0.105814, -0.283168, 0.15861, 0.945864, -0.018259, 0.750342, -0.577606, 0.321491, -0.021277, 0.0, 0.0, 0.0, 1.0],
                [0.593574, 0.794094, 0.130697, 0.105814, -0.26864, 0.042422, 0.962305, -0.018259, 0.758619, -0.606308, 0.238507, -0.021277, 0.0, 0.0, 0.0, 1.0],
                [0.606453, 0.652596, 0.454236, 0.105814, 0.025895, -0.587187, 0.809036, -0.018259, 0.794697, -0.478879, -0.373002, -0.021278, 0.0, 0.0, 0.0, 1.0],
                [0.59533, 0.774425, 0.214115, 0.105814, -0.203522, -0.112448, 0.972591, -0.018259, 0.777278, -0.622588, 0.090669, -0.021278, 0.0, 0.0, 0.0, 1.0],
                [0.59733, 0.800756, 0.044548, 0.105814, -0.283167, 0.15861, 0.945864, -0.018259, 0.750342, -0.577606, 0.321491, -0.021277, 0.0, 0.0, 0.0, 1.0],
                [0.283139, 0.958264, 0.039466, 0.105814, -0.104937, -0.009949, 0.994429, -0.018259, 0.953321, -0.285702, 0.09774, -0.021277, 0.0, 0.0, 0.0, 1.0],
                [-0.228831, 0.636585, 0.736473, 0.105814, -0.310936, -0.764712, 0.564385, -0.018259, 0.922472, -0.099847, 0.372928, -0.021277, 0.0, 0.0, 0.0, 1.0]
            ]
        },
        {
            "name": "Leg_R",
            "time": [0.0, 0.2, 0.4667, 0.5333, 0.6667, 0.7667, 0.9333, 1.0, 1.0667, 1.1333, 1.2333, 1.4, 1.7],
            "transform": [
                [0.998428, 0.056047, -0.000985, 0.0, -0.033395, 0.608824, 0.792602, 0.37472, 0.045023, -0.791324, 0.609737, 0.0, 0.0, 0.0, 0.0, 1.0],
                [0.99927, 0.03611, -0.012469, -0.0, -0.031266, 0.960593, 0.276198, 0.37472, 0.021951, -0.275607, 0.961019, 0.0, 0.0, 0.0, 0.0, 1.0],
                [0.776089, -0.613805, -0.14467, -0.0, 0.62485, 0.717504, 0.307817, 0.37472, -0.085139, -0.329291, 0.940382, 0.0, 0.0, 0.0, 0.0, 1.0],
                [0.582864, -0.771694, -0.254477, -0.0, 0.795547, 0.478179, 0.372089, 0.37472, -0.165453, -0.419326, 0.892631, -0.0, 0.0, 0.0, 0.0, 1.0],
                [0.49673, -0.791366, -0.35637, 0.0, 0.835575, 0.325025, 0.442915, 0.37472, -0.234679, -0.517784, 0.822694, -0.0, 0.0, 0.0, 0.0, 1.0],
                [0.509734, -0.665198, -0.545604, -0.0, 0.78767, 0.105752, 0.606953, 0.37472, -0.346045, -0.739141, 0.577861, 0.0, 0.0, 0.0, 0.0, 1.0],
                [0.937892, 0.339387, 0.071935, 0.0, 0.145073, -0.572021, 0.807307, 0.37472, 0.315138, -0.746732, -0.585729, -0.0, 0.0, 0.0, 0.0, 1.0],
                [0.951097, 0.30688, 0.035213, 0.0, 0.109464, -0.441446, 0.890585, 0.37472, 0.288847, -0.843179, -0.45345, 0.0, 0.0, 0.0, 0.0, 1.0],
                [0.999548, -0.001792, -0.03001, 0.0, 0.026011, 0.552084, 0.833382, 0.37472, 0.015075, -0.833787, 0.55188, -0.0, 0.0, 0.0, 0.0, 1.0],
                [0.968167, 0.24627, -0.04476, -0.0, 0.00937, 0.143038, 0.989672, 0.37472, 0.250129, -0.958589, 0.136177, -0.0, 0.0, 0.0, 0.0, 1.0],
                [0.931613, 0.363321, -0.009754, 0.0, 0.040752, -0.077752, 0.996139, 0.37472, 0.36116, -0.928415, -0.087241, -0.0, 0.0, 0.0, 0.0, 1.0],
                [0.931613, 0.363321, -0.009754, -0.0, 0.040752, -0.077752, 0.996139, 0.37472, 0.36116, -0.928415, -0.087241, 0.0, 0.0, 0.0, 0.0, 1.0],
                [0.85427, 0.347856, -0.386289, -0.0, 0.036539, 0.701088, 0.712137, 0.37472, 0.518544, -0.622473, 0.586208, -0.0, 0.0, 0.0, 0.0, 1.0]
            ]
        },
        {
            "name": "Knee_R",
            "time": [0.0, 0.2, 0.4667, 0.5333, 0.6667, 0.7667, 0.9333, 1.0, 1.0667, 1.1333, 1.2333, 1.4, 1.7],
            "transform": [
                [1.0, 0.0, -0.0, 0.0, -0.0, 0.0, -1.0, 0.385905, -0.0, 1.0, 0.0, 0.0, 0.0, 0.0, 0.0, 1.0],
                [1.0, 0.0, -0.0, -0.0, -0.0, 0.0, -1.0, 0.386848, -0.0, 1.0, 0.0, 0.0, 0.0, 0.0, 0.0, 1.0],
                [1.0, 0.0, -0.0, -0.0, -1e-06, 0.0, -1.0, 0.386848, -0.0, 1.0, 0.0, 0.0, 0.0, 0.0, 0.0, 1.0],
                [1.0, 0.0, -1e-06, -0.0, -0.0, 0.0, -1.0, 0.386848, -0.0, 1.0, 0.0, -0.0, 0.0, 0.0, 0.0, 1.0],
                [1.0, 0.0, -0.0, 0.0, -0.0, 0.0, -1.0, 0.386848, -0.0, 1.0, 0.0, -0.0, 0.0, 0.0, 0.0, 1.0],
                [1.0, 0.0, -0.0, -0.0, -0.0, 0.0, -1.0, 0.386848, -0.0, 1.0, 0.0, 0.0, 0.0, 0.0, 0.0, 1.0],
                [1.0, 0.0, -1e-06, 0.0, -0.0, 0.0, -1.0, 0.386848, -0.0, 1.0, 0.0, -0.0, 0.0, 0.0, 0.0, 1.0],
                [1.0, 0.0, -0.0, 0.0, -0.0, 0.0, -1.0, 0.386848, -0.0, 1.0, 0.0, 0.0, 0.0, 0.0, 0.0, 1.0],
                [1.0, 0.0, -1e-06, -0.0, -0.0, 0.0, -1.0, 0.386848, -0.0, 1.0, 0.0, -0.0, 0.0, 0.0, 0.0, 1.0],
                [1.0, 0.0, -0.0, -0.0, -0.0, 0.0, -1.0, 0.386848, -0.0, 1.0, 0.0, -0.0, 0.0, 0.0, 0.0, 1.0],
                [1.0, 0.0, -0.0, 0.0, -0.0, 0.0, -1.0, 0.386848, -0.0, 1.0, 0.0, -0.0, 0.0, 0.0, 0.0, 1.0],
                [1.0, 0.0, -0.0, 0.0, -0.0, 0.0, -1.0, 0.386848, -0.0, 1.0, 0.0, 0.0, 0.0, 0.0, 0.0, 1.0],
                [1.0, 0.0, -0.0, -0.0, -0.0, 0.0, -1.0, 0.386848, -0.0, 1.0, 0.0, -0.0, 0.0, 0.0, 0.0, 1.0]
            ]
        },
        {
            "name": "Thigh_L",
            "time": [0.0, 0.2, 0.4667, 0.5333, 0.6667, 0.7667, 0.9333, 1.0, 1.0667, 1.1333, 1.2333, 1.4, 1.7],
            "transform": [
                [0.278136, 0.382575, -0.881065, 0.048255, -0.015413, -0.915363, -0.402334, 0.015011, -0.960418, 0.125483, -0.248699, 0.097901, 0.0, 0.0, 0.0, 1.0],
                [0.306622, -0.130728, -0.942811, -0.004844, -0.004641, -0.990717, 0.135861, 0.010746, -0.95182, -0.037283, -0.304382, 0.120163, 0.0, 0.0, 0.0, 1.0],
                [0.298732, -0.706452, -0.641626, -0.097302, 0.005025, -0.671153, 0.741302, 0.002238, -0.954324, -0.224675, -0.196945, 0.08934, 0.0, 0.0, 0.0, 1.0],
                [0.856493, -0.465394, -0.223222, -0.110941, -0.173829, -0.667282, 0.724236, 0.009949, -0.486007, -0.5815, -0.652422, 0.030111, 0.0, 0.0, 0.0, 1.0],
                [0.964558, -0.26061, 0.041364, -0.111836, -0.217806, -0.697835, 0.682339, 0.013829, -0.148959, -0.667165, -0.729864, 0.00917, 0.0, 0.0, 0.0, 1.0],
                [0.975582, -0.194602, 0.101836, -0.11205, -0.209416, -0.684355, 0.698428, 0.014757, -0.066223, -0.7027, -0.708398, 0.00416, 0.0, 0.0, 0.0, 1.0],
                [0.978747, -0.190301, 0.076423, -0.11205, -0.131921, -0.298946, 0.945107, 0.014757, -0.157009, -0.935102, -0.317697, 0.00416, 0.0, 0.0, 0.0, 1.0],
                [0.979795, -0.193785, 0.049479, -0.11205, -0.077764, -0.14119, 0.986923, 0.014757, -0.184265, -0.970831, -0.153407, 0.00416, 0.0, 0.0, 0.0, 1.0],
                [0.973796, -0.223252, -0.043366, -0.11205, 0.112021, 0.304909, 0.945771, 0.014757, -0.197922, -0.925845, 0.321928, 0.00416, 0.0, 0.0, 0.0, 1.0],
                [0.902582, -0.268248, 0.336732, -0.11205, -0.305691, 0.151428, 0.940012, 0.014757, -0.303147, -0.951374, 0.054675, 0.00416, 0.0, 0.0, 0.0, 1.0],
                [0.805417, -0.31227, 0.503776, -0.11205, -0.505502, 0.081882, 0.858931, 0.014757, -0.309469, -0.946458, -0.091903, 0.00416, 0.0, 0.0, 0.0, 1.0],
                [0.805417, -0.31227, 0.503776, -0.11205, -0.505502, 0.081882, 0.858931, 0.014757, -0.309469, -0.946458, -0.091903, 0.00416, 0.0, 0.0, 0.0, 1.0],
                [0.964414, -0.261065, 0.041833, -0.11205, -0.222585, -0.716288, 0.661352, 0.014757, -0.142692, -0.647129, -0.748908, 0.00416, 0.0, 0.0, 0.0, 1.0]
            ]
        },
        {
            "name": "Leg_L",
            "time": [0.0, 0.2, 0.4667, 0.5333, 0.6667, 0.7667, 0.9333, 1.0, 1.0667, 1.1333, 1.2333, 1.4, 1.7],
            "transform": [
                [0.99995, -0.000799, -0.009997, -0.0, 0.003969, 0.946969, 0.321301, 0.37472, 0.00921, -0.321324, 0.946925, 0.0, 0.0, 0.0, 0.0, 1.0],
                [0.999894, -0.014222, -0.0031, 0.0, 0.008607, 0.405918, 0.913869, 0.37472, -0.011739, -0.913798, 0.405998, 0.0, 0.0, 0.0, 0.0, 1.0],
                [0.999892, 0.002178, -0.014534, -0.0, -0.001926, 0.999848, 0.017299, 0.37472, 0.014569, -0.017269, 0.999745, 0.0, 0.0, 0.0, 0.0, 1.0],
                [0.978627, -0.199861, 0.048429, -0.0, 0.080705, 0.589866, 0.803458, 0.37472, -0.189147, -0.782377, 0.593389, -0.0, 0.0, 0.0, 0.0, 1.0],
                [0.957949, -0.286443, -0.016853, 0.0, 0.029583, 0.040172, 0.998755, 0.37472, -0.285409, -0.957254, 0.046957, -0.0, 0.0, 0.0, 0.0, 1.0],
                [0.953151, -0.297095, -0.056899, -0.0, -0.008376, -0.213947, 0.97681, 0.37472, -0.302379, -0.93057, -0.206412, -0.0, 0.0, 0.0, 0.0, 1.0],
                [0.984872, -0.088466, -0.148997, -0.0, 0.092857, -0.456532, 0.884848, 0.37472, -0.146301, -0.885298, -0.441412, 0.0, 0.0, 0.0, 0.0, 1.0],
                [0.978104, -0.119655, -0.17028, -0.0, 0.103657, -0.429392, 0.89715, 0.37472, -0.180465, -0.895156, -0.407587, -0.0, 0.0, 0.0, 0.0, 1.0],
                [0.900405, -0.351925, -0.255771, 0.0, 0.223491, -0.130236, 0.965967, 0.37472, -0.373259, -0.926923, -0.038613, 0.0, 0.0, 0.0, 0.0, 1.0],
                [0.9731, 0.103108, -0.206022, 0.0, 0.199313, 0.071725, 0.977308, 0.37472, 0.115546, -0.992081, 0.049245, 0.0, 0.0, 0.0, 0.0, 1.0],
                [0.896291, 0.421417, -0.138092, -0.0, 0.098335, 0.114777, 0.988513, 0.37472, 0.432426, -0.899574, 0.061433, 0.0, 0.0, 0.0, 0.0, 1.0],
                [0.807898, 0.583969, 0.079251, -0.0, 0.081252, -0.24357, 0.966474, 0.37472, 0.583694, -0.774373, -0.244229, -0.0, 0.0, 0.0, 0.0, 1.0],
                [0.947302, 0.180056, -0.26495, 0.0, 0.005934, 0.817081, 0.576493, 0.37472, 0.320287, -0.547685, 0.772954, 0.0, 0.0, 0.0, 0.0, 1.0]
            ]
        },
        {
            "name": "Knee_L",
            "time": [0.0, 0.2, 0.4667, 0.5333, 0.6667, 0.7667, 0.9333, 1.0, 1.0667, 1.1333, 1.2333, 1.4, 1.7],
            "transform": [
                [1.0, 0.0, -0.0, 0.0, -0.0, 0.0, -1.0, 0.399444, -0.0, 1.0, 0.0, 0.0, 0.0, 0.0, 0.0, 1.0],
                [1.0, 0.0, -0.0, 0.0, -0.0, 0.0, -1.0, 0.398654, -0.0, 1.0, 0.0, 0.0, 0.0, 0.0, 0.0, 1.0],
                [1.0, 0.0, -0.0, 0.0, -0.0, 0.0, -1.0, 0.398654, -0.0, 1.0, 0.0, 0.0, 0.0, 0.0, 0.0, 1.0],
                [1.0, 0.0, -0.0, -0.0, -0.0, 0.0, -1.0, 0.398654, -0.0, 1.0, 0.0, -0.0, 0.0, 0.0, 0.0, 1.0],
                [1.0, 0.0, -0.0, -0.0, -0.0, 0.0, -1.0, 0.398654, -0.0, 1.0, 0.0, -0.0, 0.0, 0.0, 0.0, 1.0],
                [1.0, 0.0, -0.0, 0.0, -0.0, 0.0, -1.0, 0.398654, -0.0, 1.0, 0.0, -0.0, 0.0, 0.0, 0.0, 1.0],
                [1.0, 0.0, -0.0, -0.0, -0.0, 0.0, -1.0, 0.398654, -0.0, 1.0, 0.0, 0.0, 0.0, 0.0, 0.0, 1.0],
                [1.0, 0.0, -0.0, -0.0, -0.0, 0.0, -1.0, 0.398654, -0.0, 1.0, 0.0, -0.0, 0.0, 0.0, 0.0, 1.0],
                [1.0, 0.0, -1e-06, 0.0, -1e-06, 0.0, -1.0, 0.398654, -0.0, 1.0, 0.0, 0.0, 0.0, 0.0, 0.0, 1.0],
                [1.0, 0.0, -0.0, 0.0, -0.0, 0.0, -1.0, 0.398654, -0.0, 1.0, 0.0, 0.0, 0.0, 0.0, 0.0, 1.0],
                [1.0, 0.0, -0.0, -0.0, -0.0, 0.0, -1.0, 0.398654, -0.0, 1.0, 0.0, 0.0, 0.0, 0.0, 0.0, 1.0],
                [1.0, 0.0, -0.0, -0.0, -0.0, 0.0, -1.0, 0.398654, -0.0, 1.0, 0.0, -0.0, 0.0, 0.0, 0.0, 1.0],
                [1.0, 0.0, -0.0, 0.0, -0.0, 0.0, -1.0, 0.398654, -0.0, 1.0, 0.0, 0.0, 0.0, 0.0, 0.0, 1.0]
            ]
        },
        {
            "name": "Torso",
            "time": [0.0, 0.2, 0.4667, 0.5333, 0.6667, 0.7667, 0.9333, 1.0, 1.0667, 1.1333, 1.2333, 1.4, 1.7],
            "transform": [
                [-0.021744, -0.067975, 0.99745, 0.0, -0.115042, 0.991229, 0.065043, 0.05, -0.993123, -0.113334, -0.029373, 0.0, 0.0, 0.0, 0.0, 1.0],
                [-0.306029, -0.096807, 0.947088, 0.0, -0.138646, 0.988743, 0.056265, 0.05, -0.941873, -0.114091, -0.316006, -0.0, 0.0, 0.0, 0.0, 1.0],
                [0.655931, 0.471467, 0.589469, 0.0, -0.169873, 0.853109, -0.493304, 0.05, -0.735457, 0.223439, 0.63967, 0.0, 0.0, 0.0, 0.0, 1.0],
                [0.976489, 0.177908, -0.121732, 0.0, -0.195073, 0.969592, -0.147775, 0.05, 0.091741, 0.168047, 0.981501, -0.0, 0.0, 0.0, 0.0, 1.0],
                [0.9221, 0.044665, -0.384365, -0.0, -0.056201, 0.998242, -0.018828, 0.05, 0.382848, 0.038963, 0.922989, -0.0, 0.0, 0.0, 0.0, 1.0],
                [0.893166, -0.043388, -0.447629, -0.0, 0.043759, 0.998997, -0.009518, 0.05, 0.447593, -0.011087, 0.894169, -0.0, 0.0, 0.0, 0.0, 1.0],
                [0.871529, -0.194208, -0.450245, -0.0, 0.177631, 0.9809, -0.079263, 0.05, 0.457039, -0.010898, 0.88938, -0.0, 0.0, 0.0, 0.0, 1.0],
                [0.867583, -0.214874, -0.448473, 0.0, 0.185646, 0.976579, -0.108766, 0.05, 0.46134, 0.011106, 0.887154, 0.0, 0.0, 0.0, 0.0, 1.0],
                [0.862926, -0.246402, -0.441186, 0.0, 0.176579, 0.965057, -0.19361, 0.05, 0.473476, 0.089167, 0.876282, -0.0, 0.0, 0.0, 0.0, 1.0],
                [0.868671, -0.215009, -0.446297, -0.0, 0.17432, 0.975952, -0.130881, 0.05, 0.463705, 0.035894, 0.885262, -0.0, 0.0, 0.0, 0.0, 1.0],
                [0.871529, -0.194208, -0.450245, 0.0, 0.177631, 0.9809, -0.079263, 0.05, 0.457039, -0.010898, 0.88938, 0.0, 0.0, 0.0, 0.0, 1.0],
                [0.853412, -0.258424, -0.452665, 0.0, 0.26224, 0.9634, -0.055595, 0.05, 0.450464, -0.071261, 0.889946, 0.0, 0.0, 0.0, 0.0, 1.0],
                [0.891066, -0.056953, -0.450286, -0.0, -0.001468, 0.991729, -0.12834, 0.05, 0.453871, 0.115021, 0.883613, -0.0, 0.0, 0.0, 0.0, 1.0]
            ]
        },
        {
            "name": "Chest",
            "time": [0.0, 0.2, 0.4667, 0.5333, 0.6667, 0.7667, 0.9333, 1.0, 1.0667, 1.1333, 1.2333, 1.4, 1.7],
            "transform": [
                [0.999716, -0.023825, 0.000694, -0.0, 0.023825, 0.99802, -0.058215, 0.3, 0.000694, 0.058215, 0.998304, -0.0, 0.0, 0.0, 0.0, 1.0],
                [0.822701, 0.007989, 0.568418, -0.0, -0.004924, 0.999964, -0.006928, 0.3, -0.568453, 0.002901, 0.822711, 0.0, 0.0, 0.0, 0.0, 1.0],
                [0.821491, 0.137496, 0.553396, 0.0, -0.271567, 0.947703, 0.167664, 0.3, -0.501402, -0.288018, 0.815868, 0.0, 0.0, 0.0, 0.0, 1.0],
                [0.860129, 0.005042, 0.510051, 0.0, -0.096284, 0.983579, 0.152645, 0.3, -0.500906, -0.180404, 0.846491, -0.0, 0.0, 0.0, 0.0, 1.0],
                [0.867027, -0.061862, 0.494406, 0.0, -0.009625, 0.989998, 0.140752, 0.3, -0.498168, -0.126795, 0.85776, 0.0, 0.0, 0.0, 0.0, 1.0],
                [0.867787, -0.077914, 0.49079, -0.0, 0.011063, 0.990416, 0.13767, 0.3, -0.496812, -0.114039, 0.860333, -0.0, 0.0, 0.0, 0.0, 1.0],
                [0.848936, 0.045829, 0.526505, -0.0, -0.123008, 0.986007, 0.112511, 0.3, -0.513981, -0.160279, 0.842694, -0.0, 0.0, 0.0, 0.0, 1.0],
                [0.837234, 0.066675, 0.542765, -0.0, -0.149145, 0.982752, 0.109337, 0.3, -0.526113, -0.172492, 0.832738, 0.0, 0.0, 0.0, 0.0, 1.0],
                [0.786305, 0.086008, 0.611823, 0.0, -0.251604, 0.949007, 0.189949, 0.3, -0.564288, -0.303295, 0.767849, -0.0, 0.0, 0.0, 0.0, 1.0],
                [0.763713, -0.035429, 0.644584, -0.0, -0.407011, 0.748609, 0.52338, 0.3, -0.501084, -0.662064, 0.557302, 0.0, 0.0, 0.0, 0.0, 1.0],
                [0.759663, -0.077753, 0.645652, 0.0, -0.460126, 0.637339, 0.618129, 0.3, -0.45956, -0.766651, 0.448386, 0.0, 0.0, 0.0, 0.0, 1.0],
                [0.719077, -0.019036, 0.69467, 0.0, -0.513245, 0.659392, 0.549347, 0.3, -0.468516, -0.751559, 0.464383, -0.0, 0.0, 0.0, 0.0, 1.0],
                [0.686613, -0.014254, 0.726884, 0.0, 0.05689, 0.997795, -0.034172, 0.3, -0.724794, 0.064815, 0.68591, 0.0, 0.0, 0.0, 0.0, 1.0]
            ]
        },
        {
            "name": "Head",
            "time": [0.0, 0.2, 0.4667, 0.5333, 0.6667, 0.7667, 0.9333, 1.0, 1.0667, 1.1333, 1.2333, 1.4, 1.7],
            "transform": [
                [0.967083, -0.06549, -0.245891, -0.0, 0.08175, 0.99505, 0.056501, 0.4, 0.240974, -0.074743, 0.967649, 0.0, 0.0, 0.0, 0.0, 1.0],
                [-0.045581, -0.079529, -0.99579, 0.0, 0.06654, 0.99437, -0.082462, 0.4, 0.996742, -0.070019, -0.040032, -0.0, 0.0, 0.0, 0.0, 1.0],
                [-0.045581, -0.079529, -0.99579, -0.0, 0.06654, 0.99437, -0.082462, 0.4, 0.996742, -0.070019, -0.040032, -0.0, 0.0, 0.0, 0.0, 1.0],
                [0.784701, -0.136656, -0.604623, 0.0, 0.052654, 0.986566, -0.154646, 0.4, 0.617634, 0.089515, 0.781354, 0.0, 0.0, 0.0, 0.0, 1.0],
                [0.978831, -0.104978, -0.175697, -0.0, 0.071544, 0.979783, -0.186833, 0.4, 0.191759, 0.170308, 0.966552, 0.0, 0.0, 0.0, 0.0, 1.0],
                [0.993037, -0.093044, -0.072257, 0.0, 0.077653, 0.978228, -0.192457, 0.4, 0.088591, 0.185506, 0.978641, 0.0, 0.0, 0.0, 0.0, 1.0],
                [0.993037, -0.093044, -0.072257, 0.0, 0.077653, 0.978228, -0.192457, 0.399999, 0.088591, 0.185506, 0.978641, -0.0, 0.0, 0.0, 0.0, 1.0],
                [0.994902, -0.070979, -0.071635, 0.0, 0.059077, 0.985924, -0.156408, 0.4, 0.081728, 0.151379, 0.985091, 0.0, 0.0, 0.0, 0.0, 1.0],
                [0.997079, 0.065871, -0.038668, 0.0, -0.062979, 0.995431, 0.071776, 0.4, 0.043219, -0.069131, 0.996671, -0.0, 0.0, 0.0, 0.0, 1.0],
                [0.998927, 0.034987, -0.030333, 0.0, -0.033664, 0.998505, 0.043066, 0.4, 0.031794, -0.041999, 0.998612, -0.0, 0.0, 0.0, 0.0, 1.0],
                [0.999359, 0.019381, -0.030105, -0.0, -0.018522, 0.999421, 0.028554, 0.4, 0.030641, -0.027978, 0.999139, -0.0, 0.0, 0.0, 0.0, 1.0],
                [0.999359, 0.019381, -0.030105, 0.0, -0.018522, 0.999421, 0.028554, 0.4, 0.030641, -0.027978, 0.999139, -0.0, 0.0, 0.0, 0.0, 1.0],
                [0.994679, 0.101308, -0.018737, 0.0, -0.09967, 0.992271, 0.073916, 0.4, 0.026081, -0.071655, 0.997088, -0.0, 0.0, 0.0, 0.0, 1.0]
            ]
        },
        {
            "name": "Shoulder_R",
            "time": [0.0, 0.2, 0.4667, 0.5333, 0.6667, 0.7667, 0.9333, 1.0, 1.0667, 1.1333, 1.2333, 1.4, 1.7],
            "transform": [
                [0.437802, 0.846634, 0.302555, -0.0, 0.020539, -0.345849, 0.938065, 0.4, 0.898837, -0.404472, -0.168802, 0.0, 0.0, 0.0, 0.0, 1.0],
                [0.348882, 0.916455, -0.195935, 0.0, 0.470811, 0.009377, 0.882184, 0.4, 0.810319, -0.400027, -0.428206, -0.0, 0.0, 0.0, 0.0, 1.0],
                [0.327352, 0.93901, -0.10536, -0.0, 0.727634, -0.179374, 0.662098, 0.4, 0.602818, -0.293403, -0.741974, -0.0, 0.0, 0.0, 0.0, 1.0],
                [0.249276, 0.962663, -0.105553, 0.0, 0.754994, -0.124919, 0.643723, 0.4, 0.606502, -0.240157, -0.757944, 0.0, 0.0, 0.0, 0.0, 1.0],
                [0.173228, 0.978546, -0.11153, -0.0, 0.774015, -0.065239, 0.629797, 0.4, 0.609009, -0.195425, -0.768711, 0.0, 0.0, 0.0, 0.0, 1.0],
                [0.013477, 0.992028, -0.125288, 0.0, 0.79842, 0.064754, 0.598609, 0.4, 0.60195, -0.1081, -0.791183, 0.0, 0.0, 0.0, 0.0, 1.0],
                [-0.475379, 0.875328, -0.088408, 0.0, 0.814896, 0.475966, 0.330757, 0.399999, 0.3316, 0.085191, -0.939565, -0.0, 0.0, 0.0, 0.0, 1.0],
                [-0.370767, 0.915035, -0.15888, 0.0, 0.893487, 0.398118, 0.207805, 0.4, 0.253402, -0.06491, -0.965181, 0.0, 0.0, 0.0, 0.0, 1.0],
                [0.357211, 0.691477, -0.627901, 0.0, 0.907556, -0.415858, 0.058341, 0.4, -0.220777, -0.590696, -0.776103, -0.0, 0.0, 0.0, 0.0, 1.0],
                [0.376173, 0.920372, -0.106813, 0.0, 0.867238, -0.309163, 0.390277, 0.4, 0.326177, -0.239444, -0.914481, -0.0, 0.0, 0.0, 0.0, 1.0],
                [0.248142, 0.961913, 0.114668, -0.0, 0.786832, -0.269182, 0.55537, 0.4, 0.565085, -0.047586, -0.823659, -0.0, 0.0, 0.0, 0.0, 1.0],
                [0.248142, 0.961913, 0.114668, 0.0, 0.786832, -0.269182, 0.55537, 0.4, 0.565085, -0.047586, -0.823659, -0.0, 0.0, 0.0, 0.0, 1.0],
                [0.686454, 0.630911, 0.361568, 0.0, 0.7078, -0.465707, -0.531164, 0.4, -0.166733, 0.620538, -0.766246, -0.0, 0.0, 0.0, 0.0, 1.0]
            ]
        },
        {
            "name": "Arm_R",
            "time": [0.0, 0.2, 0.4667, 0.5333, 0.6667, 0.7667, 0.9333, 1.0, 1.0667, 1.1333, 1.2333, 1.4, 1.7],
            "transform": [
                [-0.027436, -0.924362, -0.380527, 0.0, -0.190597, 0.378524, -0.905755, 0.39386, 0.981285, 0.047677, -0.186566, 0.0, 0.0, 0.0, 0.0, 1.0],
                [0.879089, -0.459652, -0.126188, -0.0, -0.213593, -0.143202, -0.96637, 0.39386, 0.426123, 0.876478, -0.224066, -0.0, 0.0, 0.0, 0.0, 1.0],
                [0.433975, -0.890873, -0.134206, -0.0, 0.373102, 0.313308, -0.873289, 0.393861, 0.820037, 0.328913, 0.468354, -0.0, 0.0, 0.0, 0.0, 1.0],
                [-0.412138, -0.711121, -0.569604, -0.0, 0.192345, 0.543172, -0.817293, 0.39386, 0.890587, -0.446398, -0.087081, -0.0, 0.0, 0.0, 0.0, 1.0],
                [-0.029526, -0.619905, -0.784121, 0.0, -0.042885, 0.784527, -0.61861, 0.393861, 0.998644, 0.015362, -0.049749, 0.0, 0.0, 0.0, 0.0, 1.0],
                [0.641146, 0.439712, -0.628955, 0.0, -0.747189, 0.544615, -0.380924, 0.39386, 0.175042, 0.714177, 0.677725, 0.0, 0.0, 0.0, 0.0, 1.0],
                [-0.098213, 0.886585, 0.452018, -0.0, -0.583947, 0.316455, -0.74757, 0.39386, -0.805829, -0.337376, 0.486639, -0.0, 0.0, 0.0, 0.0, 1.0],
                [-0.011778, 0.842355, 0.538794, -0.0, -0.502926, 0.460727, -0.731297, 0.39386, -0.864249, -0.279587, 0.418216, -0.0, 0.0, 0.0, 0.0, 1.0],
                [0.766881, 0.135741, 0.62727, -0.0, 0.188454, 0.886663, -0.422272, 0.39386, -0.613497, 0.442044, 0.654384, 0.0, 0.0, 0.0, 0.0, 1.0],
                [0.896291, -0.442859, -0.023211, 0.0, 0.389165, 0.810559, -0.437658, 0.39386, 0.212635, 0.383236, 0.898842, 0.0, 0.0, 0.0, 0.0, 1.0],
                [0.813633, -0.541706, -0.211083, 0.0, 0.397225, 0.783089, -0.478524, 0.39386, 0.424516, 0.305495, 0.852326, 0.0, 0.0, 0.0, 0.0, 1.0],
                [0.813633, -0.541706, -0.211083, 0.0, 0.397225, 0.783089, -0.478524, 0.39386, 0.424516, 0.305495, 0.852326, -0.0, 0.0, 0.0, 0.0, 1.0],
                [0.814997, -0.53128, -0.231345, 0.0, 0.353474, 0.772168, -0.528028, 0.39386, 0.459168, 0.348567, 0.817108, -0.0, 0.0, 0.0, 0.0, 1.0]
            ]
        },
        {
            "name": "Hand_R",
            "time": [0.0, 0.2, 0.4667, 0.5333, 0.6667, 0.7667, 0.9333, 1.0, 1.0667, 1.1333, 1.2333, 1.4, 1.7],
            "transform": [
                [0.996272, -0.054989, -0.066466, -0.0, -0.060562, 0.102849, -0.992852, 0.3, 0.061431, 0.993176, 0.099135, 0.0, 0.0, 0.0, 0.0, 1.0],
                [0.993806, 0.104877, -0.036736, 0.0, -0.087977, 0.540597, -0.836669, 0.3, -0.067888, 0.834719, 0.546476, -0.0, 0.0, 0.0, 0.0, 1.0],
                [0.984255, -0.155527, -0.083979, -0.0, 0.016229, 0.552638, -0.833264, 0.3, 0.176005, 0.818781, 0.546461, -0.0, 0.0, 0.0, 0.0, 1.0],
                [0.979236, -0.172295, -0.106823, -0.0, -0.009934, 0.485523, -0.874168, 0.3, 0.20248, 0.857078, 0.47373, 0.0, 0.0, 0.0, 0.0, 1.0],
                [0.975121, -0.181322, -0.127517, 0.0, -0.030123, 0.461526, -0.886615, 0.3, 0.219616, 0.868399, 0.444582, 0.0, 0.0, 0.0, 0.0, 1.0],
                [0.961359, -0.196736, -0.192571, 0.0, -0.08272, 0.460746, -0.883669, 0.3, 0.262576, 0.865453, 0.426668, 0.0, 0.0, 0.0, 0.0, 1.0],
                [0.794491, -0.229372, -0.562293, 0.0, -0.228133, 0.745375, -0.626395, 0.3, 0.562797, 0.625943, 0.539866, 0.0, 0.0, 0.0, 0.0, 1.0],
                [0.75124, -0.194333, -0.630771, 0.0, -0.348968, 0.694227, -0.6295, 0.3, 0.560231, 0.693025, 0.453715, -0.0, 0.0, 0.0, 0.0, 1.0],
                [0.577731, -0.142847, -0.80363, -0.0, -0.771801, 0.224788, -0.594806, 0.3, 0.265613, 0.96388, 0.019617, 0.0, 0.0, 0.0, 0.0, 1.0],
                [0.725381, -0.014754, -0.68819, 0.0, -0.462991, 0.729368, -0.503649, 0.3, 0.509374, 0.683962, 0.522239, -0.0, 0.0, 0.0, 0.0, 1.0],
                [0.800169, 0.002965, -0.599768, -0.0, -0.261695, 0.901505, -0.344679, 0.3, 0.539671, 0.432758, 0.722132, 0.0, 0.0, 0.0, 0.0, 1.0],
                [0.800169, 0.002965, -0.599768, -0.0, -0.261695, 0.901506, -0.344679, 0.3, 0.539671, 0.432758, 0.722132, -0.0, 0.0, 0.0, 0.0, 1.0],
                [0.828959, 0.03488, -0.558221, -0.0, -0.384318, 0.760643, -0.523184, 0.3, 0.406358, 0.648232, 0.643947, 0.0, 0.0, 0.0, 0.0, 1.0]
            ]
        },
        {
            "name": "Tool_R",
            "time": [0.0, 0.2, 0.4667, 0.5333, 0.6667, 0.7667, 0.9333, 1.0, 1.0667, 1.1333, 1.2333, 1.4, 1.7],
            "transform": [
                [0.116332, 0.224366, -0.967537, -0.544628, -0.927301, 0.37349, -0.024884, 0.257031, 0.355782, 0.900092, 0.251503, 0.126966, 0.0, 0.0, 0.0, 1.0],
                [0.634809, -0.770324, 0.060153, 0.000328, -0.186578, -0.228371, -0.955529, 0.268125, 0.749804, 0.595355, -0.288697, 0.057139, 0.0, 0.0, 0.0, 1.0],
                [0.67489, -0.524366, -0.519195, 0.228921, -0.715694, -0.293757, -0.633632, 0.422648, 0.179737, 0.799217, -0.57354, 0.281207, 0.0, 0.0, 0.0, 1.0],
                [0.844152, -0.081197, -0.52992, 0.220297, -0.511182, -0.419789, -0.749981, 0.48074, -0.161558, 0.903983, -0.395872, 0.214064, 0.0, 0.0, 0.0, 1.0],
                [0.74219, 0.524859, -0.416745, 0.000328, 0.005678, -0.626734, -0.779213, 0.268126, -0.670166, 0.575958, -0.468136, 0.057139, 0.0, 0.0, 0.0, 1.0],
                [0.432124, 0.74087, -0.514179, 0.000328, 0.534375, -0.669641, -0.515776, 0.268125, -0.726439, -0.051885, -0.685271, 0.057139, 0.0, 0.0, 0.0, 1.0],
                [0.400779, 0.654011, -0.641597, 0.000329, 0.665414, -0.689164, -0.286841, 0.268126, -0.629763, -0.311967, -0.71139, 0.057139, 0.0, 0.0, 0.0, 1.0],
                [0.528207, 0.543371, -0.652492, 0.000328, 0.476476, -0.825723, -0.301913, 0.268126, -0.702829, -0.151425, -0.695056, 0.057139, 0.0, 0.0, 0.0, 1.0],
                [0.414558, -0.498615, -0.761266, 0.354832, -0.899376, -0.352075, -0.259164, 0.440163, -0.1388, 0.792102, -0.594398, 0.404142, 0.0, 0.0, 0.0, 1.0],
                [0.722196, 0.077803, -0.687299, 0.367775, -0.198653, -0.928461, -0.313842, 0.306086, -0.662548, 0.36319, -0.655075, 0.435165, 0.0, 0.0, 0.0, 1.0],
                [0.643368, 0.404001, -0.650278, 0.309047, 0.267736, -0.914517, -0.303276, 0.35512, -0.717214, 0.021015, -0.696536, 0.410949, 0.0, 0.0, 0.0, 1.0],
                [0.643368, 0.404001, -0.650278, 0.309047, 0.267736, -0.914517, -0.303276, 0.35512, -0.717214, 0.021015, -0.696536, 0.410948, 0.0, 0.0, 0.0, 1.0],
                [0.643368, 0.404001, -0.650278, 0.309047, 0.267736, -0.914517, -0.303276, 0.35512, -0.717214, 0.021015, -0.696536, 0.410948, 0.0, 0.0, 0.0, 1.0]
            ]
        },
        {
            "name": "Elbow_R",
            "time": [0.0, 0.2, 0.4667, 0.5333, 0.6667, 0.7667, 0.9333, 1.0, 1.0667, 1.1333, 1.2333, 1.4, 1.7],
            "transform": [
                [-1.0, 0.0, -0.0, -0.0, 0.0, -0.0, -1.0, 0.456822, -0.0, -1.0, -0.0, 0.0, 0.0, 0.0, 0.0, 1.0],
                [-1.0, 0.0, -0.0, 0.0, 0.0, 0.0, -1.0, 0.452524, -0.0, -1.0, 0.0, -0.0, 0.0, 0.0, 0.0, 1.0],
                [-1.0, 0.0, 0.0, 0.0, 0.0, 0.0, -1.0, 0.452524, -0.0, -1.0, -0.0, -0.0, 0.0, 0.0, 0.0, 1.0],
                [-1.0, 0.0, -0.0, 0.0, 0.0, -0.0, -1.0, 0.452524, -0.0, -1.0, -0.0, 0.0, 0.0, 0.0, 0.0, 1.0],
                [-1.0, 0.0, -0.0, 0.0, 0.0, -0.0, -1.0, 0.452524, -0.0, -1.0, 0.0, 0.0, 0.0, 0.0, 0.0, 1.0],
                [-1.0, 0.0, -0.0, 0.0, 0.0, 0.0, -1.0, 0.452524, -0.0, -1.0, -0.0, -0.0, 0.0, 0.0, 0.0, 1.0],
                [-1.0, 0.0, -0.0, 0.0, 0.0, 0.0, -1.0, 0.452523, -0.0, -1.0, -0.0, 0.0, 0.0, 0.0, 0.0, 1.0],
                [-1.0, 0.0, -0.0, 0.0, 0.0, 0.0, -1.0, 0.452524, -0.0, -1.0, -0.0, -0.0, 0.0, 0.0, 0.0, 1.0],
                [-1.0, 0.0, -0.0, -0.0, 0.0, -0.0, -1.0, 0.452524, -0.0, -1.0, -0.0, 0.0, 0.0, 0.0, 0.0, 1.0],
                [-1.0, 0.0, -0.0, -0.0, 0.0, 0.0, -1.0, 0.452524, -0.0, -1.0, -0.0, 0.0, 0.0, 0.0, 0.0, 1.0],
                [-1.0, 0.0, -0.0, -0.0, 0.0, 0.0, -1.0, 0.452524, -0.0, -1.0, -0.0, 0.0, 0.0, 0.0, 0.0, 1.0],
                [-1.0, 0.0, -0.0, -0.0, 0.0, 0.0, -1.0, 0.452524, -0.0, -1.0, -0.0, -0.0, 0.0, 0.0, 0.0, 1.0],
                [-1.0, 0.0, -0.0, -0.0, 0.0, 0.0, -1.0, 0.452524, -0.0, -1.0, -0.0, 0.0, 0.0, 0.0, 0.0, 1.0]
            ]
        },
        {
            "name": "Shoulder_L",
            "time": [0.0, 0.2, 0.4667, 0.5333, 0.6667, 0.7667, 0.9333, 1.0, 1.0667, 1.1333, 1.2333, 1.4, 1.7],
            "transform": [
                [0.007484, -0.951899, -0.306321, -0.0, 0.000495, -0.306326, 0.951926, 0.4, -0.999972, -0.007276, -0.001821, 0.0, 0.0, 0.0, 0.0, 1.0],
                [-0.012951, -0.954092, -0.299234, 0.0, -0.003412, -0.299216, 0.954179, 0.4, -0.99991, 0.013379, 0.00062, -0.0, 0.0, 0.0, 0.0, 1.0],
                [0.497464, -0.867424, 0.01021, -0.0, -0.020319, 0.000115, 0.999793, 0.4, -0.867247, -0.497569, -0.017568, -0.0, 0.0, 0.0, 0.0, 1.0],
                [0.563797, -0.797605, -0.214382, 0.0, 0.129278, -0.171145, 0.976727, 0.4, -0.815733, -0.57839, 0.006622, 0.0, 0.0, 0.0, 0.0, 1.0],
                [0.549948, -0.771064, -0.320965, -0.0, 0.196266, -0.254226, 0.947021, 0.4, -0.811811, -0.583806, 0.011522, 0.0, 0.0, 0.0, 0.0, 1.0],
                [0.545544, -0.763366, -0.34591, 0.0, 0.212017, -0.273607, 0.938183, 0.4, -0.810821, -0.585158, 0.012582, 0.0, 0.0, 0.0, 0.0, 1.0],
                [0.533368, -0.826572, -0.179714, 0.0, 0.147264, -0.118476, 0.981976, 0.399999, -0.832966, -0.55022, 0.058533, -0.0, 0.0, 0.0, 0.0, 1.0],
                [0.43989, -0.885053, -0.152243, 0.0, 0.213398, -0.061655, 0.975018, 0.4, -0.872329, -0.461389, 0.161747, 0.0, 0.0, 0.0, 0.0, 1.0],
                [-0.094066, -0.993575, 0.062935, 0.0, 0.693518, -0.020042, 0.720161, 0.4, -0.714272, 0.111389, 0.690947, -0.0, 0.0, 0.0, 0.0, 1.0],
                [0.715824, -0.462185, -0.523432, 0.0, 0.627962, 0.098254, 0.772017, 0.4, -0.305385, -0.881323, 0.360567, -0.0, 0.0, 0.0, 0.0, 1.0],
                [0.81644, 0.073514, -0.572732, -0.0, 0.567079, 0.084888, 0.819277, 0.4, 0.108847, -0.993675, 0.027617, -0.0, 0.0, 0.0, 0.0, 1.0],
                [0.81644, 0.073514, -0.572732, 0.0, 0.567079, 0.084888, 0.819277, 0.4, 0.108847, -0.993675, 0.027617, -0.0, 0.0, 0.0, 0.0, 1.0],
                [0.985551, -0.142128, -0.092139, 0.0, 0.003551, -0.526519, 0.850155, 0.4, -0.169344, -0.838198, -0.518407, -0.0, 0.0, 0.0, 0.0, 1.0]
            ]
        },
        {
            "name": "Arm_L",
            "time": [0.0, 0.2, 0.4667, 0.5333, 0.6667, 0.7667, 0.9333, 1.0, 1.0667, 1.1333, 1.2333, 1.4, 1.7],
            "transform": [
                [-0.819963, 0.567848, -0.072177, 0.0, -0.015186, -0.147627, -0.988927, 0.39386, -0.572215, -0.809787, 0.129672, -0.0, 0.0, 0.0, 0.0, 1.0],
                [-0.072319, -0.173745, 0.982132, -0.0, 0.331793, 0.924435, 0.187969, 0.39386, -0.940576, 0.339458, -0.009207, 0.0, 0.0, 0.0, 0.0, 1.0],
                [0.658657, 0.138005, 0.739679, 0.0, 0.597467, 0.501636, -0.625615, 0.39386, -0.457388, 0.854, 0.247953, -0.0, 0.0, 0.0, 0.0, 1.0],
                [0.039634, -0.182244, 0.982454, 0.0, -0.795965, 0.588621, 0.141299, 0.39386, -0.604044, -0.787599, -0.121731, -0.0, 0.0, 0.0, 0.0, 1.0],
                [0.421625, 0.098268, 0.90143, 0.0, -0.807755, 0.492414, 0.32413, 0.39386, -0.412025, -0.864796, 0.286991, 0.0, 0.0, 0.0, 0.0, 1.0],
                [0.696698, 0.696941, -0.169955, -0.0, -0.592207, 0.692476, 0.412029, 0.39386, 0.404849, -0.186411, 0.89518, 0.0, 0.0, 0.0, 0.0, 1.0],
                [-0.662382, 0.025306, -0.748739, -0.0, -0.595665, 0.588337, 0.546848, 0.393861, 0.454349, 0.80822, -0.374629, -0.0, 0.0, 0.0, 0.0, 1.0],
                [-0.696566, 0.093317, -0.711399, 0.0, -0.542885, 0.579727, 0.607612, 0.39386, 0.469118, 0.809449, -0.353158, 0.0, 0.0, 0.0, 0.0, 1.0],
                [-0.628039, 0.386797, -0.675244, 0.0, -0.345824, 0.6386, 0.687455, 0.39386, 0.697117, 0.665265, -0.267302, 0.0, 0.0, 0.0, 0.0, 1.0],
                [-0.399272, 0.300215, -0.866287, 0.0, -0.082969, 0.929161, 0.360245, 0.39386, 0.913071, 0.215711, -0.34608, 0.0, 0.0, 0.0, 0.0, 1.0],
                [-0.308213, 0.189261, -0.932301, -0.0, 0.026579, 0.981341, 0.19043, 0.39386, 0.950946, 0.033913, -0.307492, -0.0, 0.0, 0.0, 0.0, 1.0],
                [-0.308213, 0.189261, -0.932301, 0.0, 0.026579, 0.981341, 0.19043, 0.393861, 0.950946, 0.033913, -0.307492, -0.0, 0.0, 0.0, 0.0, 1.0],
                [-0.622548, 0.369134, -0.690054, 0.0, 0.508479, 0.861073, 0.001883, 0.39386, 0.594881, -0.349705, -0.723756, 0.0, 0.0, 0.0, 0.0, 1.0]
            ]
        },
        {
            "name": "Hand_L",
            "time": [0.0, 0.2, 0.4667, 0.5333, 0.6667, 0.7667, 0.9333, 1.0, 1.0667, 1.1333, 1.2333, 1.4, 1.7],
            "transform": [
                [-0.128538, 0.149545, -0.980364, -0.0, -0.273485, 0.944886, 0.17999, 0.3, 0.953249, 0.291251, -0.080555, 0.0, 0.0, 0.0, 0.0, 1.0],
                [0.64456, -0.727416, -0.23539, 0.0, 0.089762, 0.377749, -0.921547, 0.3, 0.759266, 0.572863, 0.308776, 0.0, 0.0, 0.0, 0.0, 1.0],
                [0.763606, 0.622099, -0.172913, 0.0, -0.512174, 0.420522, -0.748892, 0.3, -0.393171, 0.66042, 0.639736, 0.0, 0.0, 0.0, 0.0, 1.0],
                [0.610459, 0.749717, 0.25547, -0.0, -0.549738, 0.633258, -0.544769, 0.3, -0.5702, 0.192117, 0.798726, 0.0, 0.0, 0.0, 0.0, 1.0],
                [0.513871, 0.69751, 0.499416, -0.0, -0.598902, 0.708499, -0.37329, 0.3, -0.614209, -0.107278, 0.781817, 0.0, 0.0, 0.0, 0.0, 1.0],
                [0.470048, 0.641198, 0.606565, -0.0, -0.618865, 0.729414, -0.291481, 0.3, -0.629334, -0.238372, 0.739674, 0.0, 0.0, 0.0, 0.0, 1.0],
                [0.480302, 0.153516, 0.863564, 0.0, -0.286671, 0.957968, -0.010856, 0.3, -0.828933, -0.242344, 0.504123, -0.0, 0.0, 0.0, 0.0, 1.0],
                [0.60571, 0.052995, 0.793919, 0.0, -0.281369, 0.947579, 0.151415, 0.3, -0.744276, -0.315097, 0.588869, 0.0, 0.0, 0.0, 0.0, 1.0],
                [0.995948, -0.017782, -0.08815, -0.0, 0.069539, 0.773816, 0.629581, 0.3, 0.057017, -0.633161, 0.771918, -0.0, 0.0, 0.0, 0.0, 1.0],
                [0.893956, -0.354623, 0.274017, -0.0, 0.218879, 0.879036, 0.423543, 0.300001, -0.391068, -0.318652, 0.863439, 0.0, 0.0, 0.0, 0.0, 1.0],
                [0.782517, -0.409642, 0.468893, -0.0, 0.275785, 0.90322, 0.328841, 0.3, -0.558221, -0.12801, 0.819758, -0.0, 0.0, 0.0, 0.0, 1.0],
                [0.782517, -0.409642, 0.468893, -0.0, 0.275785, 0.90322, 0.328841, 0.3, -0.558221, -0.12801, 0.819758, -0.0, 0.0, 0.0, 0.0, 1.0],
                [0.723554, -0.545882, 0.422473, 0.0, 0.430671, 0.835313, 0.341723, 0.3, -0.539437, -0.065308, 0.839489, 0.0, 0.0, 0.0, 0.0, 1.0]
            ]
        },
        {
            "name": "Tool_L",
            "time": [0.0, 0.2, 0.4667, 0.5333, 0.6667, 0.7667, 0.9333, 1.0, 1.0667, 1.1333, 1.2333, 1.4, 1.7],
            "transform": [
                [1.0, -0.0, 0.0, -0.0, -0.0, -0.999836, 0.018122, 0.272858, 0.0, -0.018122, -0.999836, 0.0, 0.0, 0.0, 0.0, 1.0],
                [1.0, -0.0, 0.0, -0.0, -0.0, -0.999836, 0.018122, 0.272858, 0.0, -0.018122, -0.999836, 0.0, 0.0, 0.0, 0.0, 1.0],
                [1.0, -0.0, 0.0, -0.0, -0.0, -0.999836, 0.018122, 0.272858, 0.0, -0.018122, -0.999836, 0.0, 0.0, 0.0, 0.0, 1.0],
                [1.0, -0.0, 0.0, 0.0, -0.0, -0.999836, 0.018122, 0.272858, 0.0, -0.018122, -0.999836, 0.0, 0.0, 0.0, 0.0, 1.0],
                [1.0, -0.0, 0.0, 0.0, -0.0, -0.999836, 0.018122, 0.272858, 0.0, -0.018122, -0.999836, 0.0, 0.0, 0.0, 0.0, 1.0],
                [1.0, -0.0, 0.0, -0.0, -0.0, -0.999836, 0.018122, 0.272858, 0.0, -0.018122, -0.999836, -0.0, 0.0, 0.0, 0.0, 1.0],
                [1.0, -0.0, 0.0, 0.0, -0.0, -0.999836, 0.018122, 0.272858, 0.0, -0.018122, -0.999836, -0.0, 0.0, 0.0, 0.0, 1.0],
                [1.0, -0.0, 0.0, 0.0, -0.0, -0.999836, 0.018122, 0.272858, 0.0, -0.018122, -0.999836, -0.0, 0.0, 0.0, 0.0, 1.0],
                [1.0, -0.0, 0.0, 0.0, -0.0, -0.999836, 0.018122, 0.272858, 0.0, -0.018122, -0.999836, 0.0, 0.0, 0.0, 0.0, 1.0],
                [1.0, -0.0, 0.0, 0.0, -0.0, -0.999835, 0.018122, 0.272858, 0.0, -0.018122, -0.999836, 0.0, 0.0, 0.0, 0.0, 1.0],
                [1.0, -0.0, 0.0, -0.0, -0.0, -0.999836, 0.018122, 0.272858, 0.0, -0.018122, -0.999836, -0.0, 0.0, 0.0, 0.0, 1.0],
                [1.0, -0.0, 0.0, -0.0, -0.0, -0.999835, 0.018122, 0.272858, 0.0, -0.018122, -0.999836, 0.0, 0.0, 0.0, 0.0, 1.0],
                [1.0, -0.0, 0.0, -0.0, -0.0, -0.999836, 0.018122, 0.272858, 0.0, -0.018122, -0.999836, 0.0, 0.0, 0.0, 0.0, 1.0]
            ]
        },
        {
            "name": "Elbow_L",
            "time": [0.0, 0.2, 0.4667, 0.5333, 0.6667, 0.7667, 0.9333, 1.0, 1.0667, 1.1333, 1.2333, 1.4, 1.7],
            "transform": [
                [-1.0, 0.0, -0.0, -0.0, 0.0, -0.0, -1.0, 0.3, -0.0, -1.0, 0.0, 0.0, 0.0, 0.0, 0.0, 1.0],
                [-1.0, 0.0, -0.0, 0.0, 0.0, -0.0, -1.0, 0.303802, -0.0, -1.0, 0.0, 0.0, 0.0, 0.0, 0.0, 1.0],
                [-1.0, 0.0, -0.0, 0.0, 0.0, -0.0, -1.0, 0.303802, -0.0, -1.0, 0.0, 0.0, 0.0, 0.0, 0.0, 1.0],
