{
    "animation": [
        {
            "name": "Root",
            "time": [0.0, 0.05, 0.2, 0.35, 0.5667, 0.8333],
            "transform": [
                [0.995303, 0.0, -0.096805, -5e-06, -0.096647, -0.057125, -0.993678, 0.14568, -0.00553, 0.998367, -0.056857, 0.675126, 0.0, 0.0, 0.0, 1.0],
                [0.995303, 0.0, -0.096805, -5e-06, -0.096647, -0.057125, -0.993678, 0.14568, -0.00553, 0.998367, -0.056857, 0.675126, 0.0, 0.0, 0.0, 1.0],
                [0.995303, 0.0, -0.096805, -5e-06, -0.096647, -0.057125, -0.993678, 0.14568, -0.00553, 0.998367, -0.056857, 0.675126, 0.0, 0.0, 0.0, 1.0],
                [0.995303, 0.0, -0.096805, -5e-06, -0.096647, -0.057125, -0.993678, 0.14568, -0.00553, 0.998367, -0.056857, 0.675126, 0.0, 0.0, 0.0, 1.0],
                [0.995303, 0.0, -0.096805, -5e-06, -0.096647, -0.057125, -0.993678, 0.14568, -0.00553, 0.998367, -0.056857, 0.675126, 0.0, 0.0, 0.0, 1.0],
                [0.995303, 0.0, -0.096805, -5e-06, -0.096647, -0.057125, -0.993678, 0.14568, -0.00553, 0.998367, -0.056857, 0.675126, 0.0, 0.0, 0.0, 1.0]
            ]
        },
        {
            "name": "Thigh_R",
            "time": [0.0, 0.05, 0.2, 0.35, 0.5667, 0.8333],
            "transform": [
                [0.998053, 0.039426, -0.048333, 0.124994, 0.041693, -0.99803, 0.046832, -0.002831, -0.046391, -0.048756, -0.997733, -1.2e-05, 0.0, 0.0, 0.0, 1.0],
                [0.998053, 0.039426, -0.048333, 0.124994, 0.041693, -0.99803, 0.046832, -0.002831, -0.046391, -0.048756, -0.997733, -1.2e-05, 0.0, 0.0, 0.0, 1.0],
                [0.992654, 0.104585, -0.06082, 0.124994, 0.074062, -0.922806, -0.378073, -0.002831, -0.095666, 0.370791, -0.923775, -1.2e-05, 0.0, 0.0, 0.0, 1.0],
                [0.992654, 0.104585, -0.06082, 0.124994, 0.074062, -0.922806, -0.378073, -0.002831, -0.095666, 0.370791, -0.923775, -1.2e-05, 0.0, 0.0, 0.0, 1.0],
                [0.992654, 0.104585, -0.06082, 0.124994, 0.074062, -0.922806, -0.378073, -0.002831, -0.095666, 0.370791, -0.923775, -1.2e-05, 0.0, 0.0, 0.0, 1.0],
                [0.992654, 0.104585, -0.06082, 0.124994, 0.074062, -0.922806, -0.378073, -0.002831, -0.095666, 0.370791, -0.923775, -1.2e-05, 0.0, 0.0, 0.0, 1.0]
            ]
        },
        {
            "name": "Leg_R",
            "time": [0.0, 0.05, 0.2, 0.35, 0.5667, 0.8333],
            "transform": [
                [0.999031, -0.043857, 0.003628, -0.0, 0.04063, 0.950908, 0.306796, 0.37472, -0.016905, -0.306352, 0.951768, -0.0, 0.0, 0.0, 0.0, 1.0],
                [0.999031, -0.043857, 0.003628, -0.0, 0.04063, 0.950908, 0.306796, 0.37472, -0.016905, -0.306352, 0.951768, -0.0, 0.0, 0.0, 0.0, 1.0],
                [0.993433, -0.109402, 0.033517, 0.0, 0.099929, 0.972236, 0.211595, 0.37472, -0.055736, -0.206856, 0.976782, -0.0, 0.0, 0.0, 0.0, 1.0],
                [0.993433, -0.109402, 0.033517, 0.0, 0.099929, 0.972236, 0.211595, 0.37472, -0.055736, -0.206856, 0.976782, -0.0, 0.0, 0.0, 0.0, 1.0],
                [0.993433, -0.109402, 0.033517, 0.0, 0.099929, 0.972236, 0.211595, 0.37472, -0.055736, -0.206856, 0.976782, -0.0, 0.0, 0.0, 0.0, 1.0],
                [0.993433, -0.109402, 0.033517, 0.0, 0.099929, 0.972236, 0.211595, 0.37472, -0.055736, -0.206856, 0.976782, -0.0, 0.0, 0.0, 0.0, 1.0]
            ]
        },
        {
            "name": "Knee_R",
            "time": [0.0, 0.05, 0.2, 0.35, 0.5667, 0.8333],
            "transform": [
                [1.0, 0.0, -0.0, 0.0, -0.0, 0.0, -1.0, 0.420355, -0.0, 1.0, 0.0, -0.0, 0.0, 0.0, 0.0, 1.0],
                [1.0, 0.0, -0.0, 0.0, -0.0, 0.0, -1.0, 0.420355, -0.0, 1.0, 0.0, -0.0, 0.0, 0.0, 0.0, 1.0],
                [1.0, 0.0, -0.0, 0.0, -0.0, 0.0, -1.0, 0.420355, -0.0, 1.0, 0.0, -0.0, 0.0, 0.0, 0.0, 1.0],
                [1.0, 0.0, -0.0, 0.0, -0.0, 0.0, -1.0, 0.420355, -0.0, 1.0, 0.0, -0.0, 0.0, 0.0, 0.0, 1.0],
                [1.0, 0.0, -0.0, 0.0, -0.0, 0.0, -1.0, 0.420355, -0.0, 1.0, 0.0, -0.0, 0.0, 0.0, 0.0, 1.0],
                [1.0, 0.0, -0.0, 0.0, -0.0, 0.0, -1.0, 0.420355, -0.0, 1.0, 0.0, -0.0, 0.0, 0.0, 0.0, 1.0]
            ]
        },
        {
            "name": "Thigh_L",
            "time": [0.0, 0.05, 0.2, 0.35, 0.5667, 0.8333],
            "transform": [
                [0.995438, -0.018339, -0.093634, -0.125006, -0.001094, -0.983483, 0.180997, -0.002831, -0.095406, -0.180068, -0.979016, -1.2e-05, 0.0, 0.0, 0.0, 1.0],
                [0.995438, -0.018339, -0.093634, -0.125006, -0.001094, -0.983483, 0.180997, -0.002831, -0.095406, -0.180068, -0.979016, -1.2e-05, 0.0, 0.0, 0.0, 1.0],
                [0.99539, -0.051679, -0.080795, -0.125006, -0.001529, -0.850854, 0.525399, -0.002831, -0.095896, -0.522854, -0.847011, -1.2e-05, 0.0, 0.0, 0.0, 1.0],
                [0.99539, -0.051679, -0.080795, -0.125006, -0.001529, -0.850854, 0.525399, -0.002831, -0.095896, -0.522854, -0.847011, -1.2e-05, 0.0, 0.0, 0.0, 1.0],
                [0.99539, -0.051679, -0.080795, -0.125006, -0.001529, -0.850854, 0.525399, -0.002831, -0.095896, -0.522854, -0.847011, -1.2e-05, 0.0, 0.0, 0.0, 1.0],
                [0.99539, -0.051679, -0.080795, -0.125006, -0.001529, -0.850854, 0.525399, -0.002831, -0.095896, -0.522854, -0.847011, -1.2e-05, 0.0, 0.0, 0.0, 1.0]
            ]
        },
        {
            "name": "Leg_L",
            "time": [0.0, 0.05, 0.2, 0.35, 0.5667, 0.8333],
            "transform": [
                [1.0, 0.000633, 0.000569, -0.0, -0.000827, 0.881132, 0.472869, 0.37472, -0.000202, -0.472869, 0.881133, -0.0, 0.0, 0.0, 0.0, 1.0],
                [1.0, 0.000633, 0.000569, -0.0, -0.000827, 0.881132, 0.472869, 0.37472, -0.000202, -0.472869, 0.881133, -0.0, 0.0, 0.0, 0.0, 1.0],
                [1.0, 0.00023, 0.000148, 0.0, -0.000251, 0.986601, 0.163148, 0.37472, -0.000108, -0.163148, 0.986602, 0.0, 0.0, 0.0, 0.0, 1.0],
                [1.0, 0.00023, 0.000148, 0.0, -0.000251, 0.986601, 0.163148, 0.37472, -0.000108, -0.163148, 0.986602, 0.0, 0.0, 0.0, 0.0, 1.0],
                [1.0, 0.000412, 0.000304, 0.0, -0.000484, 0.955695, 0.294356, 0.37472, -0.000169, -0.294356, 0.955696, 0.0, 0.0, 0.0, 0.0, 1.0],
                [1.0, 0.000412, 0.000304, 0.0, -0.000484, 0.955695, 0.294356, 0.37472, -0.000169, -0.294356, 0.955696, 0.0, 0.0, 0.0, 0.0, 1.0]
            ]
        },
        {
            "name": "Knee_L",
            "time": [0.0, 0.05, 0.2, 0.35, 0.5667, 0.8333],
            "transform": [
                [1.0, 0.0, -0.0, -1e-06, -0.0, 0.0, -1.0, 0.374871, -0.0, 1.0, 0.0, -0.000824, 0.0, 0.0, 0.0, 1.0],
                [1.0, 0.0, -0.0, -1e-06, -0.0, 0.0, -1.0, 0.374871, -0.0, 1.0, 0.0, -0.000824, 0.0, 0.0, 0.0, 1.0],
                [1.0, 0.0, -0.0, -1e-06, -0.0, 0.0, -1.0, 0.374871, -0.0, 1.0, 0.0, -0.000824, 0.0, 0.0, 0.0, 1.0],
                [1.0, 0.0, -0.0, -1e-06, -0.0, 0.0, -1.0, 0.374871, -0.0, 1.0, 0.0, -0.000824, 0.0, 0.0, 0.0, 1.0],
                [1.0, 0.0, -0.0, -1e-06, -0.0, 0.0, -1.0, 0.374871, -0.0, 1.0, 0.0, -0.000824, 0.0, 0.0, 0.0, 1.0],
                [1.0, 0.0, -0.0, -1e-06, -0.0, 0.0, -1.0, 0.374871, -0.0, 1.0, 0.0, -0.000824, 0.0, 0.0, 0.0, 1.0]
            ]
        },
        {
            "name": "Torso",
            "time": [0.0, 0.05, 0.2, 0.35, 0.5667, 0.7333, 0.8333],
            "transform": [
                [0.999993, 0.003681, -7e-05, -0.0, -0.003681, 0.999277, -0.037846, 0.05, -7e-05, 0.037846, 0.999284, -0.0, 0.0, 0.0, 0.0, 1.0],
                [0.999852, 0.017133, -0.001521, -0.0, -0.017133, 0.984213, -0.176156, 0.05, -0.001521, 0.176157, 0.984361, -0.0, 0.0, 0.0, 0.0, 1.0],
                [0.98806, -0.019219, -0.152868, -0.0, -0.008351, 0.984051, -0.177691, 0.05, 0.153845, 0.176846, 0.972141, -0.0, 0.0, 0.0, 0.0, 1.0],
                [0.98806, -0.019219, -0.152868, -0.0, -0.008351, 0.984051, -0.177691, 0.05, 0.153845, 0.176846, 0.972141, -0.0, 0.0, 0.0, 0.0, 1.0],
                [0.98806, -0.019219, -0.152868, -0.0, -0.008351, 0.984051, -0.177691, 0.05, 0.153845, 0.176846, 0.972141, -0.0, 0.0, 0.0, 0.0, 1.0],
                [0.987566, -0.042255, -0.151418, -0.0, 0.050794, 0.997303, 0.052973, 0.05, 0.148771, -0.060006, 0.987049, -0.0, 0.0, 0.0, 0.0, 1.0],
                [0.987566, -0.042255, -0.151418, -0.0, 0.050794, 0.997303, 0.052973, 0.05, 0.148771, -0.060006, 0.987049, -0.0, 0.0, 0.0, 0.0, 1.0]
            ]
        },
        {
            "name": "Chest",
            "time": [0.0, 0.05, 0.2, 0.35, 0.5667, 0.7333, 0.8333],
            "transform": [
                [0.997971, -0.060157, -0.020862, -0.0, 0.060157, 0.783473, 0.618506, 0.3, -0.020862, -0.618506, 0.785503, -0.0, 0.0, 0.0, 0.0, 1.0],
                [0.997971, -0.060157, -0.020862, -0.0, 0.060157, 0.783474, 0.618507, 0.3, -0.020862, -0.618507, 0.785503, -0.0, 0.0, 0.0, 0.0, 1.0],
                [0.999829, -0.018419, -0.00176, -0.0, 0.018419, 0.981732, 0.189374, 0.3, -0.00176, -0.189374, 0.981903, -0.0, 0.0, 0.0, 0.0, 1.0],
                [0.999829, -0.018419, -0.00176, -0.0, 0.018419, 0.981732, 0.189374, 0.3, -0.00176, -0.189374, 0.981903, -0.0, 0.0, 0.0, 0.0, 1.0],
                [0.984151, -0.167462, -0.058342, -0.0, 0.156327, 0.663951, 0.731253, 0.3, -0.083721, -0.728784, 0.679606, -0.0, 0.0, 0.0, 0.0, 1.0],
                [0.996724, -0.079967, -0.012096, -0.0, 0.07763, 0.903994, 0.420438, 0.3, -0.022687, -0.42, 0.907241, -0.0, 0.0, 0.0, 0.0, 1.0],
                [0.996724, -0.079967, -0.012096, -0.0, 0.07763, 0.903994, 0.420438, 0.3, -0.022687, -0.42, 0.907241, -0.0, 0.0, 0.0, 0.0, 1.0]
            ]
        },
        {
            "name": "Head",
            "time": [0.0, 0.05, 0.2, 0.35, 0.5667, 0.8333],
            "transform": [
                [0.988115, 0.01196, 0.153251, 0.0, -0.0386, 0.98433, 0.17206, 0.4, -0.148791, -0.17593, 0.973093, -0.0, 0.0, 0.0, 0.0, 1.0],
                [0.988115, 0.01196, 0.153251, -0.0, -0.0386, 0.98433, 0.17206, 0.4, -0.148792, -0.17593, 0.973093, -0.0, 0.0, 0.0, 0.0, 1.0],
                [0.988115, 0.01196, 0.153251, 0.0, -0.0386, 0.98433, 0.17206, 0.4, -0.148791, -0.17593, 0.973093, -0.0, 0.0, 0.0, 0.0, 1.0],
                [0.988115, 0.01196, 0.153251, 0.0, -0.0386, 0.98433, 0.17206, 0.4, -0.148791, -0.17593, 0.973093, -0.0, 0.0, 0.0, 0.0, 1.0],
                [0.979213, 0.15306, 0.133094, -0.0, -0.089903, 0.915715, -0.391641, 0.4, -0.181821, 0.371535, 0.910441, -0.0, 0.0, 0.0, 0.0, 1.0],
                [0.979213, 0.15306, 0.133094, -0.0, -0.089903, 0.915716, -0.391641, 0.4, -0.181821, 0.371535, 0.910441, 0.0, 0.0, 0.0, 0.0, 1.0]
            ]
        },
        {
            "name": "Shoulder_R",
            "time": [0.0, 0.05, 0.2, 0.35, 0.5667, 0.8333],
            "transform": [
                [0.97005, 0.242887, 0.002932, 0.0, -0.00432, 0.005183, 0.999977, 0.4, 0.242866, -0.97004, 0.006077, -0.0, 0.0, 0.0, 0.0, 1.0],
                [0.97005, 0.242887, 0.002932, -0.0, -0.00432, 0.005183, 0.999977, 0.4, 0.242866, -0.97004, 0.006077, -0.0, 0.0, 0.0, 0.0, 1.0],
                [-0.745787, 0.600666, -0.288101, 0.0, 0.131516, 0.556703, 0.820235, 0.4, 0.653074, 0.57383, -0.494179, -0.0, 0.0, 0.0, 0.0, 1.0],
                [-0.745787, 0.600666, -0.288101, 0.0, 0.131516, 0.556703, 0.820235, 0.4, 0.653074, 0.57383, -0.494179, -0.0, 0.0, 0.0, 0.0, 1.0],
                [-0.042814, 0.968188, 0.246531, -0.0, 0.600585, -0.172254, 0.780785, 0.4, 0.798413, 0.181492, -0.574105, -0.0, 0.0, 0.0, 0.0, 1.0],
                [0.447012, 0.875373, 0.184124, -0.0, 0.433946, -0.392198, 0.811093, 0.4, 0.782222, -0.282668, -0.555181, 0.0, 0.0, 0.0, 0.0, 1.0]
            ]
        },
        {
            "name": "Arm_R",
            "time": [0.0, 0.05, 0.2, 0.35, 0.5667, 0.8333],
            "transform": [
                [0.518926, -0.836078, 0.178015, -0.0, 0.764171, 0.360398, -0.534936, 0.393861, 0.383092, 0.413626, 0.825926, -0.0, 0.0, 0.0, 0.0, 1.0],
                [0.518926, -0.836078, 0.178015, 0.0, 0.764171, 0.360398, -0.534936, 0.393861, 0.383092, 0.413626, 0.825926, -0.0, 0.0, 0.0, 0.0, 1.0],
                [0.738602, -0.286052, -0.610443, 0.0, 0.273698, 0.954766, -0.116242, 0.393861, 0.616082, -0.081221, 0.783484, 0.0, 0.0, 0.0, 0.0, 1.0],
                [0.74448, -0.206475, -0.634916, 0.0, 0.162482, 0.978418, -0.127662, 0.393861, 0.647572, -0.00812, 0.761961, 0.0, 0.0, 0.0, 0.0, 1.0],
                [0.738602, -0.286052, -0.610443, 0.0, 0.273698, 0.954766, -0.116242, 0.39386, 0.616082, -0.081221, 0.783484, -0.0, 0.0, 0.0, 0.0, 1.0],
                [0.738602, -0.286052, -0.610443, -0.0, 0.273698, 0.954766, -0.116242, 0.393861, 0.616082, -0.081221, 0.783484, 0.0, 0.0, 0.0, 0.0, 1.0]
            ]
        },
        {
            "name": "Hand_R",
            "time": [0.0, 0.05, 0.2, 0.35, 0.5667, 0.8333],
            "transform": [
                [-0.388159, -0.757047, -0.52556, -0.0, -0.722484, 0.604005, -0.336446, 0.3, 0.572146, 0.249114, -0.781404, -0.0, 0.0, 0.0, 0.0, 1.0],
                [-0.388159, -0.757047, -0.52556, 0.0, -0.722483, 0.604005, -0.336446, 0.3, 0.572146, 0.249114, -0.781404, 0.0, 0.0, 0.0, 0.0, 1.0],
                [-0.45366, -0.056897, -0.889357, -0.0, -0.115312, 0.993318, -0.004727, 0.3, 0.883683, 0.100409, -0.45719, 0.0, 0.0, 0.0, 0.0, 1.0],
                [-0.45366, -0.056896, -0.889357, 0.0, -0.115312, 0.993318, -0.004727, 0.3, 0.883683, 0.100409, -0.45719, -0.0, 0.0, 0.0, 0.0, 1.0],
                [0.307959, 0.610635, -0.729579, 0.0, -0.47156, 0.763994, 0.440391, 0.3, 0.826312, 0.208418, 0.52323, -0.0, 0.0, 0.0, 0.0, 1.0],
                [0.446323, -0.008144, -0.894835, 0.0, -0.452301, 0.860775, -0.233432, 0.3, 0.772153, 0.508921, 0.3805, 0.0, 0.0, 0.0, 0.0, 1.0]
            ]
        },
        {
            "name": "Tool_R",
            "time": [0.0, 0.05, 0.2, 0.35, 0.5667, 0.8333],
            "transform": [
                [0.06223, 0.523119, -0.849985, -0.0, 0.14022, -0.847771, -0.511491, 0.272858, -0.988163, -0.087355, -0.126108, -0.0, 0.0, 0.0, 0.0, 1.0],
                [0.06223, 0.523119, -0.849985, 0.0, 0.14022, -0.847771, -0.511491, 0.272858, -0.988163, -0.087355, -0.126108, -0.0, 0.0, 0.0, 0.0, 1.0],
                [0.062229, 0.523119, -0.849985, 0.0, 0.14022, -0.847771, -0.511491, 0.272858, -0.988163, -0.087355, -0.126108, 0.0, 0.0, 0.0, 0.0, 1.0],
                [0.062229, 0.523119, -0.849985, -0.0, 0.140219, -0.847771, -0.511491, 0.272858, -0.988163, -0.087355, -0.126108, 0.0, 0.0, 0.0, 0.0, 1.0],
                [0.06223, 0.523119, -0.849985, 0.0, 0.140219, -0.847771, -0.511491, 0.272858, -0.988163, -0.087355, -0.126108, 0.0, 0.0, 0.0, 0.0, 1.0],
                [0.062229, 0.523119, -0.849985, 0.0, 0.14022, -0.847771, -0.511491, 0.272858, -0.988163, -0.087355, -0.126108, -0.0, 0.0, 0.0, 0.0, 1.0]
            ]
        },
        {
            "name": "Elbow_R",
            "time": [0.0, 0.05, 0.2, 0.35, 0.5667, 0.8333],
            "transform": [
                [-1.0, 0.0, -0.0, -0.0, 0.0, 0.0, -1.0, 0.3, -0.0, -1.0, -0.0, -0.0, 0.0, 0.0, 0.0, 1.0],
                [-1.0, 0.0, -0.0, 0.0, 0.0, -0.0, -1.0, 0.3, -0.0, -1.0, -0.0, 0.0, 0.0, 0.0, 0.0, 1.0],
                [-1.0, 0.0, -0.0, -0.0, 0.0, 0.0, -1.0, 0.3, -0.0, -1.0, -0.0, 0.0, 0.0, 0.0, 0.0, 1.0],
                [-1.0, 0.0, -0.0, 0.0, -0.0, 0.0, -1.0, 0.3, -0.0, -1.0, 0.0, -0.0, 0.0, 0.0, 0.0, 1.0],
                [-1.0, 0.0, -0.0, 0.0, 0.0, 0.0, -1.0, 0.3, -0.0, -1.0, 0.0, -0.0, 0.0, 0.0, 0.0, 1.0],
                [-1.0, 0.0, -0.0, 0.0, 0.0, 0.0, -1.0, 0.3, -0.0, -1.0, -0.0, 0.0, 0.0, 0.0, 0.0, 1.0]
            ]
        },
        {
            "name": "Shoulder_L",
            "time": [0.0, 0.05, 0.2, 0.35, 0.5667, 0.8333],
            "transform": [
                [0.088498, -0.949454, -0.301173, 0.0, -0.003899, -0.302687, 0.953082, 0.4, -0.996069, -0.083172, -0.030489, -0.0, 0.0, 0.0, 0.0, 1.0],
                [0.088498, -0.949454, -0.301173, -0.0, -0.003899, -0.302687, 0.953082, 0.4, -0.996069, -0.083172, -0.030489, -0.0, 0.0, 0.0, 0.0, 1.0],
                [0.088498, -0.949454, -0.301173, 0.0, -0.003899, -0.302687, 0.953082, 0.4, -0.996069, -0.083172, -0.030489, -0.0, 0.0, 0.0, 0.0, 1.0],
                [0.044633, -0.979983, -0.194012, 0.0, -0.005464, -0.194442, 0.980899, 0.4, -0.998989, -0.04272, -0.014033, -0.0, 0.0, 0.0, 0.0, 1.0],
                [-0.277353, -0.958874, 0.060299, -0.0, -0.143896, 0.103511, 0.984164, 0.4, -0.949931, 0.264284, -0.166687, -0.0, 0.0, 0.0, 0.0, 1.0],
                [-0.384957, -0.922758, -0.018039, -0.0, -0.138567, 0.038462, 0.989606, 0.4, -0.912474, 0.383455, -0.14267, 0.0, 0.0, 0.0, 0.0, 1.0]
            ]
        },
        {
            "name": "Arm_L",
            "time": [0.0, 0.05, 0.2, 0.35, 0.5667, 0.8333],
            "transform": [
                [-0.076403, 0.90964, -0.40831, 0.0, 0.935167, -0.076676, -0.345809, 0.39386, -0.345869, -0.408259, -0.844807, 0.0, 0.0, 0.0, 0.0, 1.0],
                [-0.076403, 0.90964, -0.40831, 0.0, 0.935167, -0.076676, -0.345809, 0.39386, -0.345869, -0.408259, -0.844807, 0.0, 0.0, 0.0, 0.0, 1.0],
                [-0.528097, 0.818526, -0.226118, -0.0, 0.849098, 0.512773, -0.126872, 0.39386, 0.0121, -0.258996, -0.965803, 0.0, 0.0, 0.0, 0.0, 1.0],
                [-0.540532, 0.811669, -0.221402, -0.0, 0.840253, 0.534089, -0.093404, 0.39386, 0.042435, -0.236521, -0.970699, 0.0, 0.0, 0.0, 0.0, 1.0],
                [-0.49179, 0.853304, 0.173246, -0.0, 0.834024, 0.518798, -0.187758, 0.39386, -0.250095, 0.052154, -0.966816, -0.0, 0.0, 0.0, 0.0, 1.0],
                [-0.5063, 0.859037, 0.075606, -0.0, 0.840258, 0.511147, -0.180821, 0.39386, -0.193977, -0.02802, -0.980606, -0.0, 0.0, 0.0, 0.0, 1.0]
            ]
        },
        {
            "name": "Hand_L",
            "time": [0.0, 0.05, 0.2, 0.5667, 0.8333],
            "transform": [
                [0.565144, -0.823345, 0.052111, -0.0, 0.536054, 0.318465, -0.78181, 0.3, 0.627104, 0.469769, 0.621336, -0.0, 0.0, 0.0, 0.0, 1.0],
                [0.565144, -0.823345, 0.052111, 0.0, 0.536054, 0.318465, -0.78181, 0.3, 0.627104, 0.469769, 0.621336, 0.0, 0.0, 0.0, 0.0, 1.0],
                [-0.160775, -0.229423, -0.959957, 0.0, 0.209328, 0.942557, -0.260323, 0.3, 0.964538, -0.242799, -0.103515, 0.0, 0.0, 0.0, 0.0, 1.0],
                [-0.160775, -0.229423, -0.959957, -0.0, 0.209328, 0.942557, -0.260323, 0.3, 0.964538, -0.2428, -0.103515, 0.0, 0.0, 0.0, 0.0, 1.0],
                [-0.160775, -0.229423, -0.959957, 0.0, 0.209328, 0.942557, -0.260323, 0.3, 0.964538, -0.2428, -0.103515, -0.0, 0.0, 0.0, 0.0, 1.0]
            ]
        },
        {
            "name": "Tool_L",
            "time": [0.0, 0.05, 0.2, 0.35, 0.5667, 0.8333],
            "transform": [
                [1.0, -0.0, 0.0, 0.0, -0.0, -0.999836, 0.018122, 0.272858, 0.0, -0.018122, -0.999836, -0.0, 0.0, 0.0, 0.0, 1.0],
                [1.0, -0.0, 0.0, 0.0, -0.0, -0.999836, 0.018122, 0.272858, 0.0, -0.018122, -0.999836, -0.0, 0.0, 0.0, 0.0, 1.0],
                [1.0, -0.0, 0.0, -0.0, -0.0, -0.999836, 0.018122, 0.272858, 0.0, -0.018122, -0.999836, 0.0, 0.0, 0.0, 0.0, 1.0],
                [1.0, -0.0, 0.0, 0.0, -0.0, -0.999836, 0.018122, 0.272858, 0.0, -0.018122, -0.999836, -0.0, 0.0, 0.0, 0.0, 1.0],
                [1.0, -0.0, 0.0, 0.0, -0.0, -0.999836, 0.018122, 0.272858, 0.0, -0.018122, -0.999836, 0.0, 0.0, 0.0, 0.0, 1.0],
                [1.0, -0.0, 0.0, 0.0, -0.0, -0.999836, 0.018122, 0.272858, 0.0, -0.018122, -0.999836, -0.0, 0.0, 0.0, 0.0, 1.0]
            ]
        },
        {
            "name": "Elbow_L",
            "time": [0.0, 0.05, 0.2, 0.35, 0.5667, 0.8333],
            "transform": [
                [-1.0, 0.0, -0.0, -0.0, 0.0, -0.0, -1.0, 0.402564, -0.0, -1.0, 0.0, -0.0, 0.0, 0.0, 0.0, 1.0],
                [-1.0, 0.0, -0.0, 0.0, 0.0, -0.0, -1.0, 0.402564, -0.0, -1.0, 0.0, 0.0, 0.0, 0.0, 0.0, 1.0],
                [-1.0, 0.0, -0.0, -0.0, 0.0, -0.0, -1.0, 0.402563, -0.0, -1.0, 0.0, 0.0, 0.0, 0.0, 0.0, 1.0],
                [-1.0, 0.0, -0.0, 0.0, 0.0, -0.0, -1.0, 0.402564, -0.0, -1.0, 0.0, 0.0, 0.0, 0.0, 0.0, 1.0],
                [-1.0, 0.0, -0.0, -0.0, 0.0, -0.0, -1.0, 0.402564, -0.0, -1.0, 0.0, 0.0, 0.0, 0.0, 0.0, 1.0],
                [-1.0, 0.0, -0.0, 0.0, 0.0, -0.0, -1.0, 0.402564, -0.0, -1.0, 0.0, -0.0, 0.0, 0.0, 0.0, 1.0]
            ]
        }
    ]
}