{
    "animation": [
        {
            "name": "Root",
            "time": [0.0, 0.3333, 0.4333, 0.5, 0.6, 0.6333, 0.7667, 0.9, 1.4],
            "transform": [
                [0.995936, 0.0, -0.09006, -5e-06, -0.09006, 0.0, -0.995936, 0.013615, 0.0, 1.0, 0.0, 0.647786, 0.0, 0.0, 0.0, 1.0],
                [0.995936, -0.0, -0.09006, -5e-06, -0.078885, 0.482461, -0.872358, 0.276762, 0.04345, 0.875917, 0.4805, 0.647786, 0.0, 0.0, 0.0, 1.0],
                [0.995936, -0.0, -0.09006, -5e-06, -0.078885, 0.482461, -0.872358, 0.627738, 0.04345, 0.875917, 0.4805, 0.564328, 0.0, 0.0, 0.0, 1.0],
                [0.995936, -0.0, -0.09006, -5e-06, -0.078885, 0.482461, -0.872358, 0.758321, 0.04345, 0.875917, 0.4805, 0.521476, 0.0, 0.0, 0.0, 1.0],
                [0.995936, -0.0, -0.09006, -5e-06, -0.078885, 0.482461, -0.872358, 0.917306, 0.04345, 0.875917, 0.4805, 0.724318, 0.0, 0.0, 0.0, 1.0],
                [0.995936, -0.0, -0.09006, -5e-06, -0.078583, 0.488499, -0.869018, 0.961024, 0.043994, 0.872564, 0.486514, 0.713442, 0.0, 0.0, 0.0, 1.0],
                [0.995936, 0.0, -0.09006, -5e-06, -0.075273, 0.549013, -0.832417, 1.071247, 0.049444, 0.835814, 0.546782, 0.601955, 0.0, 0.0, 0.0, 1.0],
                [0.995936, 0.0, -0.09006, -5e-06, -0.075273, 0.549013, -0.832417, 1.071247, 0.049444, 0.835814, 0.546782, 0.601955, 0.0, 0.0, 0.0, 1.0],
                [-0.695197, 0.0, -0.718819, -5e-06, -0.718819, 0.0, 0.695197, 0.923665, 0.0, 1.0, 0.0, 0.647786, 0.0, 0.0, 0.0, 1.0]
            ]
        },
        {
            "name": "Thigh_R",
            "time": [0.0, 0.3333, 0.4333, 0.5, 0.6, 0.6333, 0.7667, 0.9, 1.4],
            "transform": [
                [0.975905, 0.026387, 0.216594, 0.114502, -0.136785, -0.699398, 0.701519, -0.002831, 0.169996, -0.714241, -0.678939, -0.116036, 0.0, 0.0, 0.0, 1.0],
                [0.965985, 0.002822, 0.25858, 0.114502, -0.251467, -0.222917, 0.941845, -0.002831, 0.0603, -0.974831, -0.214626, -0.116036, 0.0, 0.0, 0.0, 1.0],
                [0.658282, 0.568991, 0.492861, 0.115336, -0.007117, -0.649994, 0.759904, -0.007928, 0.752738, -0.503738, -0.423831, -0.106819, 0.0, 0.0, 0.0, 1.0],
                [0.358329, 0.679024, 0.640721, 0.115764, 0.224347, -0.728811, 0.646915, -0.010545, 0.906238, -0.088065, -0.413493, -0.102087, 0.0, 0.0, 0.0, 1.0],
                [-0.583885, 0.122912, 0.802478, 0.082565, -0.087568, -0.992238, 0.088262, -0.084384, 0.8071, -0.018736, 0.590118, 0.035517, 0.0, 0.0, 0.0, 1.0],
                [-0.692412, 0.139927, 0.707803, 0.082565, -0.082486, -0.989931, 0.11501, -0.084384, 0.716771, 0.02125, 0.696984, 0.035517, 0.0, 0.0, 0.0, 1.0],
                [-0.837417, 0.244336, 0.488909, 0.082565, -0.008778, -0.900408, 0.434953, -0.084384, 0.546494, 0.359944, 0.756163, 0.035517, 0.0, 0.0, 0.0, 1.0],
                [-0.837417, 0.244336, 0.488909, 0.082565, -0.008778, -0.900408, 0.434953, -0.084384, 0.546494, 0.359944, 0.756163, 0.035517, 0.0, 0.0, 0.0, 1.0],
                [0.975905, 0.026387, 0.216594, 0.114502, -0.136785, -0.699398, 0.701519, -0.002831, 0.169996, -0.714242, -0.678939, -0.116036, 0.0, 0.0, 0.0, 1.0]
            ]
        },
        {
            "name": "Leg_R",
            "time": [0.0, 0.3333, 0.4333, 0.5, 0.6, 0.6333, 0.7667, 0.9, 1.4],
            "transform": [
                [0.968179, 0.116685, -0.22139, 0.0, 0.062597, 0.743613, 0.665674, 0.37472, 0.242302, -0.658351, 0.712645, 0.0, 0.0, 0.0, 0.0, 1.0],
                [0.961809, 0.264079, -0.07201, 0.0, 0.045472, 0.10527, 0.993403, 0.37472, 0.269918, -0.95874, 0.089241, 0.0, 0.0, 0.0, 0.0, 1.0],
                [0.99443, 0.045316, -0.095158, 0.0, 0.089769, 0.108941, 0.989986, 0.37472, 0.055229, -0.993016, 0.104266, 0.0, 0.0, 0.0, 0.0, 1.0],
                [0.991941, -0.066119, -0.10808, 0.0, 0.114763, 0.107406, 0.987569, 0.37472, -0.053688, -0.992015, 0.114128, -0.0, 0.0, 0.0, 0.0, 1.0],
                [0.97999, -0.017338, -0.198293, 0.0, 0.122886, 0.836387, 0.534188, 0.37472, 0.156587, -0.547866, 0.82178, -0.0, 0.0, 0.0, 0.0, 1.0],
                [0.980982, -0.040569, -0.189815, -0.0, 0.135795, 0.842191, 0.521799, 0.37472, 0.138691, -0.537652, 0.831682, 0.0, 0.0, 0.0, 0.0, 1.0],
                [0.960046, -0.262856, -0.096008, 0.0, 0.274387, 0.816803, 0.507489, 0.37472, -0.054977, -0.513558, 0.856292, -0.0, 0.0, 0.0, 0.0, 1.0],
                [0.960046, -0.262856, -0.096008, 0.0, 0.274387, 0.816803, 0.507489, 0.37472, -0.054977, -0.513558, 0.856292, -0.0, 0.0, 0.0, 0.0, 1.0],
                [0.968179, 0.116685, -0.22139, 0.0, 0.062597, 0.743613, 0.665674, 0.37472, 0.242302, -0.658351, 0.712645, 0.0, 0.0, 0.0, 0.0, 1.0]
            ]
        },
        {
            "name": "Knee_R",
            "time": [0.0, 0.3333, 0.4333, 0.5, 0.6, 0.6333, 0.7667, 0.9, 1.4],
            "transform": [
                [1.0, 0.0, -0.0, 0.0, -0.0, 0.0, -1.0, 0.37472, -0.0, 1.0, 0.0, 0.0, 0.0, 0.0, 0.0, 1.0],
                [1.0, 0.0, -1e-06, 0.0, -0.0, 0.0, -1.0, 0.37472, -0.0, 1.0, 0.0, 0.0, 0.0, 0.0, 0.0, 1.0],
                [1.0, 0.0, -0.0, 0.0, -1e-06, 0.0, -1.0, 0.37472, -0.0, 1.0, 0.0, 0.0, 0.0, 0.0, 0.0, 1.0],
                [1.0, 0.0, -0.0, 0.0, -0.0, 0.0, -1.0, 0.37472, -0.0, 1.0, 0.0, -0.0, 0.0, 0.0, 0.0, 1.0],
                [1.0, 0.0, -0.0, 0.0, -0.0, 0.0, -1.0, 0.37472, -0.0, 1.0, 0.0, -0.0, 0.0, 0.0, 0.0, 1.0],
                [1.0, 0.0, -0.0, -0.0, -0.0, 0.0, -1.0, 0.37472, -0.0, 1.0, 0.0, 0.0, 0.0, 0.0, 0.0, 1.0],
                [1.0, 0.0, -0.0, 0.0, -0.0, 0.0, -1.0, 0.37472, -0.0, 1.0, 0.0, -0.0, 0.0, 0.0, 0.0, 1.0],
                [1.0, 0.0, -0.0, 0.0, -0.0, 0.0, -1.0, 0.37472, -0.0, 1.0, 0.0, -0.0, 0.0, 0.0, 0.0, 1.0],
                [1.0, 0.0, -0.0, 0.0, -0.0, 0.0, -1.0, 0.37472, -0.0, 1.0, 0.0, 0.0, 0.0, 0.0, 0.0, 1.0]
            ]
        },
        {
            "name": "Thigh_L",
            "time": [0.0, 0.3333, 0.4333, 0.5, 0.6, 0.6333, 0.7333, 0.9, 1.4],
            "transform": [
                [0.032679, -0.47018, -0.881965, -0.119863, -0.586052, -0.723829, 0.364162, -0.002831, -0.809614, 0.504977, -0.299204, 0.056862, 0.0, 0.0, 0.0, 1.0],
                [0.374266, -0.23247, -0.89771, -0.119863, 0.036986, -0.963555, 0.264941, -0.002831, -0.926584, -0.132361, -0.352027, 0.056862, 0.0, 0.0, 0.0, 1.0],
                [0.830253, -0.452626, -0.325285, -0.122959, 0.144256, -0.389216, 0.909781, 0.016102, -0.538397, -0.802272, -0.257853, 0.022629, 0.0, 0.0, 0.0, 1.0],
                [0.949252, -0.314282, -0.012118, -0.124548, 0.001708, -0.033377, 0.999441, 0.025823, -0.314511, -0.948743, -0.031147, 0.005052, 0.0, 0.0, 0.0, 1.0],
                [0.988992, -0.13694, -0.056053, -0.100309, -0.04145, -0.620047, 0.783469, 0.062191, -0.142043, -0.772522, -0.618897, -0.063436, 0.0, 0.0, 0.0, 1.0],
                [0.986405, -0.053874, 0.155248, -0.094054, -0.151693, -0.661825, 0.73415, 0.072695, 0.063196, -0.74772, -0.661001, -0.08315, 0.0, 0.0, 0.0, 1.0],
                [-0.276011, 0.430376, 0.859416, -0.079398, -0.619934, -0.763015, 0.183002, 0.100538, 0.734507, -0.48227, 0.477405, -0.135231, 0.0, 0.0, 0.0, 1.0],
                [-0.276011, 0.430376, 0.859416, -0.079398, -0.619934, -0.763015, 0.183002, 0.100538, 0.734507, -0.48227, 0.477405, -0.135231, 0.0, 0.0, 0.0, 1.0],
                [-0.317179, -0.537128, -0.781595, -0.119863, -0.373767, -0.686643, 0.623553, -0.002831, -0.871605, 0.489913, 0.017028, 0.056862, 0.0, 0.0, 0.0, 1.0]
            ]
        },
        {
            "name": "Leg_L",
            "time": [0.0, 0.3333, 0.4333, 0.5, 0.6, 0.6333, 0.6667, 0.7333, 0.9, 1.4],
            "transform": [
                [0.741744, 0.67067, 0.004149, 0.0, -0.631085, 0.695843, 0.342834, 0.37472, 0.227041, -0.256913, 0.939387, -0.0, 0.0, 0.0, 0.0, 1.0],
                [0.998435, -0.046939, 0.030417, 0.0, 0.024565, 0.856562, 0.515459, 0.37472, -0.050249, -0.513904, 0.856375, -0.0, 0.0, 0.0, 0.0, 1.0],
                [0.970606, -0.050732, 0.235269, 0.0, -0.152761, 0.625527, 0.765101, 0.37472, -0.185982, -0.778551, 0.599391, -0.0, 0.0, 0.0, 0.0, 1.0],
                [0.947609, -0.061501, 0.313457, 0.0, -0.241164, 0.505744, 0.82829, 0.37472, -0.20947, -0.860489, 0.464416, 0.0, 0.0, 0.0, 0.0, 1.0],
                [0.982336, 0.04232, 0.182276, 0.0, -0.109923, 0.918809, 0.379085, 0.37472, -0.151434, -0.392425, 0.907233, 0.0, 0.0, 0.0, 0.0, 1.0],
                [0.985954, 0.054143, 0.157997, -0.0, -0.120002, 0.887614, 0.444681, 0.37472, -0.116164, -0.457395, 0.881644, -0.0, 0.0, 0.0, 0.0, 1.0],
                [0.859248, -0.176772, 0.480046, 0.0, -0.181462, 0.772051, 0.609104, 0.37472, -0.478293, -0.610482, 0.631307, 0.0, 0.0, 0.0, 0.0, 1.0],
                [0.976052, 0.1192, 0.181975, 0.0, -0.211569, 0.325511, 0.921565, 0.37472, 0.050616, -0.937994, 0.342935, -0.0, 0.0, 0.0, 0.0, 1.0],
                [0.976052, 0.1192, 0.181975, -0.0, -0.211569, 0.325511, 0.921565, 0.37472, 0.050616, -0.937994, 0.342935, 0.0, 0.0, 0.0, 0.0, 1.0],
                [0.970908, 0.225901, 0.079416, -0.0, -0.224266, 0.741624, 0.632217, 0.37472, 0.083921, -0.631634, 0.770711, -0.0, 0.0, 0.0, 0.0, 1.0]
            ]
        },
        {
            "name": "Knee_L",
            "time": [0.0, 0.3333, 0.4333, 0.5, 0.6, 0.6333, 0.7667, 0.9, 1.4],
            "transform": [
                [1.0, 0.0, -0.0, 0.0, -1e-06, 0.0, -1.0, 0.373527, -0.0, 1.0, 0.0, 0.02, 0.0, 0.0, 0.0, 1.0],
                [1.0, 0.0, -0.0, 0.0, -1e-06, 0.0, -1.0, 0.373527, -0.0, 1.0, 0.0, 0.02, 0.0, 0.0, 0.0, 1.0],
                [1.0, 0.0, -0.0, 0.0, -1e-06, 0.0, -1.0, 0.373527, -0.0, 1.0, 0.0, 0.02, 0.0, 0.0, 0.0, 1.0],
                [1.0, 0.0, -0.0, 0.0, -0.0, 0.0, -1.0, 0.373527, -0.0, 1.0, 0.0, 0.02, 0.0, 0.0, 0.0, 1.0],
                [1.0, 0.0, -0.0, 0.0, -0.0, 0.0, -1.0, 0.373527, -0.0, 1.0, 0.0, 0.02, 0.0, 0.0, 0.0, 1.0],
                [1.0, 0.0, -0.0, 0.0, -0.0, 0.0, -1.0, 0.373527, -0.0, 1.0, 0.0, 0.02, 0.0, 0.0, 0.0, 1.0],
                [1.0, 0.0, -0.0, -0.0, -0.0, 0.0, -1.0, 0.373527, -0.0, 1.0, 0.0, 0.02, 0.0, 0.0, 0.0, 1.0],
                [1.0, 0.0, -0.0, -0.0, -0.0, 0.0, -1.0, 0.373527, -0.0, 1.0, 0.0, 0.02, 0.0, 0.0, 0.0, 1.0],
                [1.0, 0.0, -0.0, -0.0, -0.0, 0.0, -1.0, 0.373527, -0.0, 1.0, 0.0, 0.02, 0.0, 0.0, 0.0, 1.0]
            ]
        },
        {
            "name": "Torso",
            "time": [0.0, 0.3333, 0.4333, 0.5, 0.6, 0.6333, 0.7667, 0.9, 1.4],
            "transform": [
                [0.539519, 0.020611, 0.841722, -0.0, -0.031781, 0.999487, -0.004104, 0.05, -0.841374, -0.024537, 0.539896, 0.0, 0.0, 0.0, 0.0, 1.0],
                [0.539519, 0.020611, 0.841722, 0.0, -0.031781, 0.999487, -0.004104, 0.05, -0.841374, -0.024537, 0.539897, 0.0, 0.0, 0.0, 0.0, 1.0],
                [0.975819, -0.018657, 0.217784, 0.0, 0.043022, 0.993255, -0.107678, 0.05, -0.214306, 0.114444, 0.970039, -0.0, 0.0, 0.0, 0.0, 1.0],
                [0.982675, -0.074874, -0.169539, 0.0, 0.045182, 0.983945, -0.172658, 0.05, 0.179744, 0.162006, 0.970281, 0.0, 0.0, 0.0, 0.0, 1.0],
                [0.261127, 0.01195, -0.96523, 0.0, -0.393662, 0.914315, -0.095179, 0.05, 0.881387, 0.404828, 0.243456, -0.0, 0.0, 0.0, 0.0, 1.0],
                [-0.058853, 0.02307, -0.998, 0.0, -0.468301, 0.882264, 0.048011, 0.05, 0.881607, 0.47019, -0.04112, 0.0, 0.0, 0.0, 0.0, 1.0],
                [-0.846833, -0.062455, -0.528179, -0.0, -0.398834, 0.731558, 0.552951, 0.05, 0.351859, 0.678913, -0.644417, -0.0, 0.0, 0.0, 0.0, 1.0],
                [-0.846833, -0.062455, -0.528179, -0.0, -0.398834, 0.731558, 0.552951, 0.05, 0.351859, 0.678913, -0.644417, -0.0, 0.0, 0.0, 0.0, 1.0],
                [0.539518, 0.020611, 0.841721, -0.0, -0.031781, 0.999487, -0.004104, 0.05, -0.841374, -0.024537, 0.539896, -0.0, 0.0, 0.0, 0.0, 1.0]
            ]
        },
        {
            "name": "Chest",
            "time": [0.0, 0.3333, 0.4333, 0.5, 0.6, 0.6333, 0.7667, 0.9, 1.4],
            "transform": [
                [0.940872, 0.034455, -0.337006, -0.0, -0.000736, 0.995019, 0.099677, 0.3, 0.338762, -0.093535, 0.936211, -0.0, 0.0, 0.0, 0.0, 1.0],
                [0.93179, 0.181441, -0.314398, -0.0, -0.100884, 0.961436, 0.255857, 0.3, 0.348697, -0.206687, 0.914161, 0.0, 0.0, 0.0, 0.0, 1.0],
                [0.777031, 0.165709, -0.607258, 0.0, -0.145628, 0.985878, 0.082686, 0.3, 0.612384, 0.024185, 0.79019, -0.0, 0.0, 0.0, 0.0, 1.0],
                [0.669996, 0.122255, -0.732229, 0.0, -0.182054, 0.983286, -0.002409, 0.3, 0.719696, 0.134919, 0.681055, -0.0, 0.0, 0.0, 0.0, 1.0],
                [0.669996, 0.122255, -0.732229, 0.0, -0.182054, 0.983286, -0.002409, 0.3, 0.719696, 0.134919, 0.681055, -0.0, 0.0, 0.0, 0.0, 1.0],
                [0.673301, 0.138392, -0.726301, -0.0, -0.190545, 0.981623, 0.010401, 0.3, 0.714394, 0.13139, 0.687298, 0.0, 0.0, 0.0, 0.0, 1.0],
                [0.696916, 0.299772, -0.651495, -0.0, -0.28081, 0.949975, 0.136724, 0.3, 0.65989, 0.087661, 0.746231, -0.0, 0.0, 0.0, 0.0, 1.0],
                [0.696916, 0.299772, -0.651495, -0.0, -0.28081, 0.949975, 0.136724, 0.3, 0.65989, 0.087661, 0.746231, -0.0, 0.0, 0.0, 0.0, 1.0],
                [0.999999, 6.6e-05, 0.0017, -0.0, -0.000253, 0.993856, 0.110684, 0.3, -0.001682, -0.110684, 0.993854, 0.0, 0.0, 0.0, 0.0, 1.0]
            ]
        },
        {
            "name": "Head",
            "time": [0.0, 0.3333, 0.4333, 0.5, 0.6, 0.6333, 0.7667, 0.9, 1.4],
            "transform": [
                [0.829421, 0.042272, -0.557022, 0.0, -0.099016, 0.992469, -0.072121, 0.4, 0.549779, 0.114973, 0.82736, -0.0, 0.0, 0.0, 0.0, 1.0],
                [0.829421, 0.042272, -0.557022, 0.0, -0.099016, 0.992469, -0.072121, 0.4, 0.549779, 0.114973, 0.82736, -0.0, 0.0, 0.0, 0.0, 1.0],
                [0.900893, -0.063564, 0.429363, 0.0, 0.120302, 0.98703, -0.106296, 0.4, -0.417038, 0.147415, 0.896855, 0.0, 0.0, 0.0, 0.0, 1.0],
                [0.569499, -0.090398, 0.817006, 0.0, 0.212497, 0.976339, -0.040095, 0.4, -0.794051, 0.196445, 0.575233, -0.0, 0.0, 0.0, 0.0, 1.0],
                [0.906797, 0.252547, -0.337549, -0.0, -0.172437, 0.952854, 0.249669, 0.4, 0.384688, -0.168193, 0.907594, -0.0, 0.0, 0.0, 0.0, 1.0],
                [0.906797, 0.252547, -0.337549, 0.0, -0.172437, 0.952854, 0.249669, 0.4, 0.384688, -0.168193, 0.907594, -0.0, 0.0, 0.0, 0.0, 1.0],
                [0.906797, 0.252547, -0.337549, -0.0, -0.172437, 0.952854, 0.249669, 0.4, 0.384688, -0.168193, 0.907594, 0.0, 0.0, 0.0, 0.0, 1.0],
                [0.906797, 0.252547, -0.337549, -0.0, -0.172437, 0.952854, 0.249669, 0.4, 0.384688, -0.168193, 0.907594, 0.0, 0.0, 0.0, 0.0, 1.0],
                [0.683516, -0.011678, 0.729842, -0.0, 0.033333, 0.999328, -0.015227, 0.4, -0.729175, 0.034736, 0.683446, 0.0, 0.0, 0.0, 0.0, 1.0]
            ]
        },
        {
            "name": "Shoulder_R",
            "time": [0.0, 0.3333, 0.4333, 0.5, 0.6, 0.6333, 0.7667, 0.9, 1.4],
            "transform": [
                [0.136302, 0.957972, 0.252409, 0.0, -0.021812, -0.251823, 0.967527, 0.4, 0.990427, -0.137382, -0.013428, -0.0, 0.0, 0.0, 0.0, 1.0],
                [0.141071, 0.979214, 0.145737, 0.0, -0.176068, -0.120047, 0.977031, 0.4, 0.974217, -0.16349, 0.155473, -0.0, 0.0, 0.0, 0.0, 1.0],
                [0.506477, 0.847242, 0.160191, 0.0, -0.27509, -0.017302, 0.961263, 0.4, 0.817194, -0.530924, 0.224305, 0.0, 0.0, 0.0, 0.0, 1.0],
                [0.659486, 0.729752, 0.180386, 0.0, -0.301091, 0.036556, 0.952894, 0.4, 0.688783, -0.682733, 0.24383, -0.0, 0.0, 0.0, 0.0, 1.0],
                [-0.196053, 0.905599, 0.376102, -0.0, -0.400674, -0.424048, 0.812184, 0.4, 0.894999, 0.008536, 0.445986, -0.0, 0.0, 0.0, 0.0, 1.0],
                [-0.196053, 0.905599, 0.376102, 0.0, -0.400674, -0.424048, 0.812184, 0.4, 0.894999, 0.008536, 0.445986, -0.0, 0.0, 0.0, 0.0, 1.0],
                [-0.196053, 0.905599, 0.376102, -0.0, -0.400674, -0.424048, 0.812184, 0.4, 0.894999, 0.008536, 0.445986, 0.0, 0.0, 0.0, 0.0, 1.0],
                [-0.196053, 0.905599, 0.376102, -0.0, -0.400674, -0.424048, 0.812184, 0.4, 0.894999, 0.008536, 0.445986, 0.0, 0.0, 0.0, 0.0, 1.0],
                [0.136302, 0.957972, 0.252409, -0.0, -0.021812, -0.251823, 0.967527, 0.4, 0.990427, -0.137382, -0.013428, 0.0, 0.0, 0.0, 0.0, 1.0]
            ]
        },
        {
            "name": "Arm_R",
            "time": [0.0, 0.3333, 0.4333, 0.5, 0.6, 0.6333, 0.7667, 0.9, 1.4],
            "transform": [
                [0.152498, -0.088762, -0.98431, -0.0, 0.973594, 0.184687, 0.134183, 0.393861, 0.169879, -0.978781, 0.114582, 0.0, 0.0, 0.0, 0.0, 1.0],
                [0.26396, -0.668387, -0.695402, -0.0, 0.783198, 0.569331, -0.249927, 0.393861, 0.562962, -0.478667, 0.67376, -0.0, 0.0, 0.0, 0.0, 1.0],
                [-0.035267, 0.021699, 0.999142, 0.0, 0.653473, 0.756921, 0.006627, 0.39386, -0.756128, 0.653146, -0.040874, 0.0, 0.0, 0.0, 0.0, 1.0],
                [-0.669856, 0.461589, 0.581574, 0.0, 0.378524, 0.886143, -0.267339, 0.39386, -0.638759, 0.041061, -0.768311, 0.0, 0.0, 0.0, 0.0, 1.0],
                [-0.572233, 0.524667, 0.630297, -0.0, 0.42356, 0.847206, -0.320685, 0.39386, -0.702244, 0.083462, -0.707027, -0.0, 0.0, 0.0, 0.0, 1.0],
                [-0.567533, 0.458794, 0.683677, -0.0, 0.390721, 0.88098, -0.266853, 0.39386, -0.724737, 0.115679, -0.679246, -0.0, 0.0, 0.0, 0.0, 1.0],
                [-0.535893, -0.165817, 0.827843, -0.0, 0.121019, 0.955313, 0.269689, 0.393861, -0.835568, 0.244709, -0.491878, -0.0, 0.0, 0.0, 0.0, 1.0],
                [-0.535893, -0.165817, 0.827843, -0.0, 0.121019, 0.955313, 0.269689, 0.393861, -0.835568, 0.244709, -0.491878, -0.0, 0.0, 0.0, 0.0, 1.0],
                [-0.449362, 0.126169, -0.884395, 0.0, 0.694173, 0.67245, -0.256778, 0.39386, 0.562314, -0.729309, -0.389757, 0.0, 0.0, 0.0, 0.0, 1.0]
            ]
        },
        {
            "name": "Hand_R",
            "time": [0.0, 0.3333, 0.4333, 0.5, 0.6, 0.6333, 0.7667, 0.9, 1.4],
            "transform": [
                [0.812487, 0.322844, -0.485424, -0.0, -0.573867, 0.296265, -0.763481, 0.3, -0.102671, 0.898888, 0.425981, 0.0, 0.0, 0.0, 0.0, 1.0],
                [0.765408, -0.631573, -0.123554, -0.0, 0.642403, 0.7384, 0.205146, 0.3, -0.038332, -0.236392, 0.970901, -0.0, 0.0, 0.0, 0.0, 1.0],
                [0.744809, 0.291958, -0.600017, -0.0, 0.666267, -0.374865, 0.644643, 0.3, -0.036716, -0.879907, -0.473725, -0.0, 0.0, 0.0, 0.0, 1.0],
                [0.257311, -0.52241, -0.812945, -0.0, 0.798858, -0.358346, 0.48313, 0.3, -0.543707, -0.773742, 0.325125, 0.0, 0.0, 0.0, 0.0, 1.0],
                [0.403579, 0.204739, -0.891743, 0.0, 0.883263, -0.341442, 0.321347, 0.3, -0.238687, -0.917333, -0.318637, -0.0, 0.0, 0.0, 0.0, 1.0],
                [0.403579, 0.204739, -0.891743, -0.0, 0.883263, -0.341443, 0.321347, 0.3, -0.238687, -0.917333, -0.318637, -0.0, 0.0, 0.0, 0.0, 1.0],
                [0.403579, 0.204739, -0.891744, -0.0, 0.883263, -0.341443, 0.321347, 0.3, -0.238687, -0.917333, -0.318637, -0.0, 0.0, 0.0, 0.0, 1.0],
                [0.403579, 0.204739, -0.891744, -0.0, 0.883263, -0.341443, 0.321347, 0.3, -0.238687, -0.917333, -0.318637, -0.0, 0.0, 0.0, 0.0, 1.0],
                [0.9937, 0.022662, -0.109755, -0.0, -0.111972, 0.159793, -0.98078, 0.3, -0.004688, 0.986891, 0.161324, -0.0, 0.0, 0.0, 0.0, 1.0]
            ]
        },
        {
            "name": "Tool_R",
            "time": [0.0, 0.3333, 0.4333, 0.5, 0.6, 0.6333, 0.7667, 0.9, 1.4],
            "transform": [
                [0.99915, -0.040256, -0.008918, 0.0, -0.02996, -0.560211, -0.827808, 0.272858, 0.028328, 0.827371, -0.560941, -0.0, 0.0, 0.0, 0.0, 1.0],
                [0.99915, -0.040256, -0.008918, 0.0, -0.02996, -0.560211, -0.827808, 0.272858, 0.028328, 0.827371, -0.560941, 0.0, 0.0, 0.0, 0.0, 1.0],
                [0.99915, -0.040256, -0.008918, 0.0, -0.02996, -0.560211, -0.827808, 0.272858, 0.028328, 0.827371, -0.560941, -0.0, 0.0, 0.0, 0.0, 1.0],
                [0.99915, -0.040256, -0.008918, 0.0, -0.02996, -0.560211, -0.827808, 0.272858, 0.028328, 0.827372, -0.560941, 0.0, 0.0, 0.0, 0.0, 1.0],
                [0.99915, -0.040256, -0.008918, 0.0, -0.02996, -0.560211, -0.827808, 0.272858, 0.028328, 0.827371, -0.560941, 0.0, 0.0, 0.0, 0.0, 1.0],
                [0.99915, -0.040256, -0.008918, 0.0, -0.02996, -0.560211, -0.827808, 0.272858, 0.028328, 0.827371, -0.560941, 0.0, 0.0, 0.0, 0.0, 1.0],
                [0.99915, -0.040256, -0.008918, 0.0, -0.02996, -0.560211, -0.827808, 0.272858, 0.028328, 0.827372, -0.560941, -0.0, 0.0, 0.0, 0.0, 1.0],
                [0.99915, -0.040256, -0.008918, 0.0, -0.02996, -0.560211, -0.827808, 0.272858, 0.028328, 0.827372, -0.560941, -0.0, 0.0, 0.0, 0.0, 1.0],
                [0.99915, -0.040256, -0.008918, 0.0, -0.02996, -0.560211, -0.827808, 0.272858, 0.028328, 0.827371, -0.560941, -0.0, 0.0, 0.0, 0.0, 1.0]
            ]
        },
        {
            "name": "Elbow_R",
            "time": [0.0, 0.3333, 0.4333, 0.5, 0.6, 0.6333, 0.7667, 0.9, 1.4],
            "transform": [
                [-1.0, 0.0, -0.0, -0.0, 0.0, 0.0, -1.0, 0.37015, -0.0, -1.0, -0.0, -0.0, 0.0, 0.0, 0.0, 1.0],
                [-1.0, 0.0, -0.0, -0.0, 0.0, 0.0, -1.0, 0.37015, -0.0, -1.0, -0.0, 0.0, 0.0, 0.0, 0.0, 1.0],
                [-1.0, 0.0, -0.0, -0.0, 0.0, 0.0, -1.0, 0.37015, -0.0, -1.0, -0.0, -0.0, 0.0, 0.0, 0.0, 1.0],
                [-1.0, 0.0, -0.0, -0.0, 0.0, 0.0, -1.0, 0.37015, -0.0, -1.0, -0.0, 0.0, 0.0, 0.0, 0.0, 1.0],
                [-1.0, 0.0, -0.0, 0.0, 0.0, 0.0, -1.0, 0.37015, -0.0, -1.0, 0.0, -0.0, 0.0, 0.0, 0.0, 1.0],
                [-1.0, 0.0, 0.0, 0.0, 0.0, 0.0, -1.0, 0.37015, -0.0, -1.0, -0.0, -0.0, 0.0, 0.0, 0.0, 1.0],
                [-1.0, 0.0, -0.0, -0.0, 0.0, 0.0, -1.0, 0.37015, -0.0, -1.0, 0.0, -0.0, 0.0, 0.0, 0.0, 1.0],
                [-1.0, 0.0, -0.0, -0.0, 0.0, 0.0, -1.0, 0.37015, -0.0, -1.0, 0.0, -0.0, 0.0, 0.0, 0.0, 1.0],
                [-1.0, 0.0, -0.0, -0.0, 0.0, -0.0, -1.0, 0.37015, -0.0, -1.0, -0.0, 0.0, 0.0, 0.0, 0.0, 1.0]
            ]
        },
        {
            "name": "Shoulder_L",
            "time": [0.0, 0.3333, 0.4333, 0.5, 0.6, 0.6333, 0.7667, 0.9, 1.4],
            "transform": [
                [0.157637, -0.941754, -0.297069, 0.0, 0.028265, -0.296404, 0.954644, 0.4, -0.987093, -0.158884, -0.020106, -0.0, 0.0, 0.0, 0.0, 1.0],
                [0.10792, -0.962993, -0.246975, 0.0, -0.002399, -0.248678, 0.968583, 0.4, -0.994157, -0.103937, -0.029148, -0.0, 0.0, 0.0, 0.0, 1.0],
                [0.10792, -0.962993, -0.246975, 0.0, -0.002399, -0.248678, 0.968583, 0.4, -0.994157, -0.103937, -0.029148, 0.0, 0.0, 0.0, 0.0, 1.0],
                [0.10792, -0.962993, -0.246975, 0.0, -0.002399, -0.248678, 0.968583, 0.4, -0.994157, -0.103937, -0.029148, -0.0, 0.0, 0.0, 0.0, 1.0],
                [0.075949, -0.992441, 0.096394, -0.0, 0.497723, 0.121502, 0.858783, 0.4, -0.864004, -0.017246, 0.503189, -0.0, 0.0, 0.0, 0.0, 1.0],
                [0.223587, -0.612949, 0.757827, 0.0, -0.609721, 0.518639, 0.599378, 0.4, -0.760427, -0.596076, -0.257766, -0.0, 0.0, 0.0, 0.0, 1.0],
                [0.177621, -0.563008, 0.807138, -0.0, -0.971582, -0.230722, 0.052871, 0.4, 0.156458, -0.793592, -0.58799, 0.0, 0.0, 0.0, 0.0, 1.0],
                [0.034631, -0.662607, 0.748167, -0.0, -0.99099, -0.119681, -0.060124, 0.4, 0.12938, -0.739344, -0.660781, 0.0, 0.0, 0.0, 0.0, 1.0],
                [0.159488, -0.931165, -0.327864, -0.0, -0.01529, -0.334405, 0.942305, 0.4, -0.987081, -0.145273, -0.067571, 0.0, 0.0, 0.0, 0.0, 1.0]
            ]
        },
        {
            "name": "Arm_L",
            "time": [0.0, 0.3333, 0.4333, 0.5, 0.6, 0.6333, 0.7667, 0.9, 1.4],
            "transform": [
                [0.258352, -0.403666, 0.877672, -0.0, -0.634382, 0.614288, 0.469266, 0.39386, -0.72857, -0.678014, -0.097376, -0.0, 0.0, 0.0, 0.0, 1.0],
                [-0.261042, -0.738393, 0.621798, 0.0, -0.431506, 0.665452, 0.609079, 0.39386, -0.863516, -0.109314, -0.492332, 0.0, 0.0, 0.0, 0.0, 1.0],
                [0.759039, -0.572203, 0.310553, 0.0, 0.26798, 0.70932, 0.651959, 0.39386, -0.593335, -0.411641, 0.691741, -0.0, 0.0, 0.0, 0.0, 1.0],
                [0.900744, -0.395448, -0.179667, 0.0, 0.434257, 0.811334, 0.391355, 0.39386, -0.008991, -0.430532, 0.90253, 0.0, 0.0, 0.0, 0.0, 1.0],
                [0.851153, 0.422933, 0.310913, 0.0, -0.026403, 0.626052, -0.779334, 0.39386, -0.524254, 0.655123, 0.544033, 0.0, 0.0, 0.0, 0.0, 1.0],
                [0.851153, 0.422933, 0.310913, -0.0, -0.026403, 0.626052, -0.779334, 0.39386, -0.524254, 0.655123, 0.544033, -0.0, 0.0, 0.0, 0.0, 1.0],
                [0.851153, 0.422933, 0.310913, 0.0, -0.026403, 0.626052, -0.779334, 0.39386, -0.524254, 0.655123, 0.544033, 0.0, 0.0, 0.0, 0.0, 1.0],
                [0.692635, 0.708468, 0.135385, -0.0, -0.23222, 0.396737, -0.888073, 0.39386, -0.682884, 0.583672, 0.439314, 0.0, 0.0, 0.0, 0.0, 1.0],
                [0.394977, 0.010595, 0.91863, 0.0, -0.739619, 0.596796, 0.311126, 0.39386, -0.544938, -0.802323, 0.243557, -0.0, 0.0, 0.0, 0.0, 1.0]
            ]
        },
        {
            "name": "Hand_L",
            "time": [0.0, 0.3333, 0.4333, 0.5, 0.6, 0.6333, 0.7667, 0.9, 1.4],
            "transform": [
                [0.442766, 0.596125, -0.669771, 0.0, -0.787561, -0.098511, -0.608312, 0.3, -0.428609, 0.796825, 0.425868, 0.0, 0.0, 0.0, 0.0, 1.0],
                [0.797025, 0.484235, -0.360926, 0.0, -0.603865, 0.648771, -0.463081, 0.3, 0.009918, 0.587038, 0.809499, 0.0, 0.0, 0.0, 0.0, 1.0],
                [0.797025, 0.484235, -0.360926, -0.0, -0.603865, 0.64877, -0.463081, 0.3, 0.009918, 0.587038, 0.809499, 0.0, 0.0, 0.0, 0.0, 1.0],
                [0.797025, 0.484235, -0.360926, 0.0, -0.603865, 0.64877, -0.463081, 0.3, 0.009918, 0.587038, 0.809499, 0.0, 0.0, 0.0, 0.0, 1.0],
                [0.971099, 0.215959, -0.101623, 0.0, -0.236232, 0.930445, -0.280119, 0.3, 0.03406, 0.29603, 0.954571, 0.0, 0.0, 0.0, 0.0, 1.0],
                [0.961138, 0.271818, -0.04827, -0.0, -0.273557, 0.914182, -0.29906, 0.3, -0.037163, 0.300643, 0.953013, -0.0, 0.0, 0.0, 0.0, 1.0],
                [0.700481, 0.712147, 0.046631, 0.0, -0.614899, 0.63541, -0.46707, 0.3, -0.362252, 0.2985, 0.88299, 0.0, 0.0, 0.0, 0.0, 1.0],
                [0.870095, 0.462204, 0.171177, 0.0, -0.347651, 0.821702, -0.451603, 0.3, -0.349389, 0.333427, 0.875645, 0.0, 0.0, 0.0, 0.0, 1.0],
                [0.944547, -0.320231, 0.072681, -0.0, 0.216707, 0.441588, -0.870654, 0.3, 0.246715, 0.838124, 0.486497, -0.0, 0.0, 0.0, 0.0, 1.0]
            ]
        },
        {
            "name": "Tool_L",
            "time": [0.0, 0.3333, 0.4333, 0.5, 0.6, 0.6333, 0.7667, 0.9, 1.4],
            "transform": [
                [0.977909, -0.159939, 0.13459, -0.0, 0.114541, -0.128603, -0.985059, 0.272858, 0.174858, 0.978714, -0.107442, -0.0, 0.0, 0.0, 0.0, 1.0],
                [0.977909, -0.159939, 0.13459, 0.0, 0.114541, -0.128603, -0.985059, 0.272858, 0.174858, 0.978714, -0.107442, -0.0, 0.0, 0.0, 0.0, 1.0],
                [0.977909, -0.159939, 0.13459, -0.0, 0.114541, -0.128603, -0.985059, 0.272858, 0.174858, 0.978714, -0.107442, -0.0, 0.0, 0.0, 0.0, 1.0],
                [0.977909, -0.159939, 0.13459, -0.0, 0.114541, -0.128603, -0.985059, 0.272858, 0.174858, 0.978714, -0.107442, 0.0, 0.0, 0.0, 0.0, 1.0],
                [0.977909, -0.159939, 0.13459, -0.0, 0.114541, -0.128603, -0.985059, 0.272858, 0.174858, 0.978714, -0.107442, -0.0, 0.0, 0.0, 0.0, 1.0],
                [0.977909, -0.159939, 0.13459, 0.0, 0.114541, -0.128603, -0.985059, 0.272858, 0.174858, 0.978714, -0.107442, -0.0, 0.0, 0.0, 0.0, 1.0],
                [0.977909, -0.159939, 0.13459, -0.0, 0.114541, -0.128603, -0.985059, 0.272858, 0.174858, 0.978714, -0.107442, -0.0, 0.0, 0.0, 0.0, 1.0],
                [0.977909, -0.159939, 0.13459, -0.0, 0.114541, -0.128603, -0.985059, 0.272858, 0.174858, 0.978714, -0.107442, -0.0, 0.0, 0.0, 0.0, 1.0],
                [0.977909, -0.159939, 0.13459, -0.0, 0.114541, -0.128603, -0.985059, 0.272858, 0.174858, 0.978714, -0.107442, -0.0, 0.0, 0.0, 0.0, 1.0]
            ]
        },
        {
            "name": "Elbow_L",
            "time": [0.0, 0.3333, 0.4333, 0.5, 0.6, 0.6333, 0.7667, 0.9, 1.4],
            "transform": [
                [-1.0, 0.0, -0.0, 0.0, 0.0, -0.0, -1.0, 0.3, -0.0, -1.0, 0.0, 0.0, 0.0, 0.0, 0.0, 1.0],
                [-1.0, 0.0, -0.0, 0.0, 0.0, -0.0, -1.0, 0.3, -0.0, -1.0, 0.0, 0.0, 0.0, 0.0, 0.0, 1.0],
                [-1.0, 0.0, -0.0, -0.0, 0.0, -0.0, -1.0, 0.3, -0.0, -1.0, -0.0, 0.0, 0.0, 0.0, 0.0, 1.0],
                [-1.0, 0.0, -0.0, 0.0, 0.0, -0.0, -1.0, 0.3, -0.0, -1.0, -0.0, 0.0, 0.0, 0.0, 0.0, 1.0],
                [-1.0, 0.0, -0.0, 0.0, 0.0, -0.0, -1.0, 0.3, -0.0, -1.0, 0.0, 0.0, 0.0, 0.0, 0.0, 1.0],
                [-1.0, 0.0, -0.0, -0.0, 0.0, -0.0, -1.0, 0.3, -0.0, -1.0, 0.0, -0.0, 0.0, 0.0, 0.0, 1.0],
                [-1.0, 0.0, -0.0, 0.0, 0.0, -0.0, -1.0, 0.3, -0.0, -1.0, 0.0, 0.0, 0.0, 0.0, 0.0, 1.0],
                [-1.0, 0.0, -0.0, 0.0, 0.0, -0.0, -1.0, 0.3, -0.0, -1.0, 0.0, 0.0, 0.0, 0.0, 0.0, 1.0],
                [-1.0, 0.0, -0.0, -0.0, 0.0, -0.0, -1.0, 0.3, -0.0, -1.0, 0.0, -0.0, 0.0, 0.0, 0.0, 1.0]
            ]
        }
    ]
}