{
    "animation": [
        {
            "name": "Root",
            "time": [0.0, 1.0333, 1.3, 1.5, 1.6667, 1.8, 1.9667, 2.2667, 2.5333, 2.6667, 2.8, 2.9333, 3.5333],
            "transform": [
                [0.854689, 0.0, -0.51914, -5e-06, -0.51914, 0.0, -0.854689, 0.000946, 0.0, 1.0, 0.0, 0.755725, 0.0, 0.0, 0.0, 1.0],
                [0.854689, 0.0, -0.51914, -5e-06, -0.51914, 0.0, -0.854689, 0.000946, 0.0, 1.0, 0.0, 0.755725, 0.0, 0.0, 0.0, 1.0],
                [0.854689, 0.0, -0.51914, -5e-06, -0.51914, 0.0, -0.854689, 0.000946, 0.0, 1.0, 0.0, 0.755725, 0.0, 0.0, 0.0, 1.0],
                [0.854689, 0.0, -0.51914, -5e-06, -0.51914, 0.0, -0.854689, 0.000946, 0.0, 1.0, 0.0, 0.755725, 0.0, 0.0, 0.0, 1.0],
                [0.854689, 0.0, -0.51914, -5e-06, -0.51914, 0.0, -0.854689, 0.000946, 0.0, 1.0, 0.0, 0.755725, 0.0, 0.0, 0.0, 1.0],
                [0.854689, 0.0, -0.51914, -5e-06, -0.51914, 0.0, -0.854689, 0.000946, 0.0, 1.0, 0.0, 0.755725, 0.0, 0.0, 0.0, 1.0],
                [0.854689, 0.0, -0.51914, -5e-06, -0.51914, 0.0, -0.854689, 0.000946, 0.0, 1.0, 0.0, 0.755725, 0.0, 0.0, 0.0, 1.0],
                [0.854689, 0.0, -0.51914, -5e-06, -0.51914, 0.0, -0.854689, 0.000946, 0.0, 1.0, 0.0, 0.755725, 0.0, 0.0, 0.0, 1.0],
                [0.854689, 0.0, -0.51914, -5e-06, -0.51914, 0.0, -0.854689, 0.000946, 0.0, 1.0, 0.0, 0.755725, 0.0, 0.0, 0.0, 1.0],
                [0.854689, 0.0, -0.51914, -5e-06, -0.51914, 0.0, -0.854689, 0.000946, 0.0, 1.0, 0.0, 0.755725, 0.0, 0.0, 0.0, 1.0],
                [0.854689, 0.0, -0.51914, -5e-06, -0.51914, 0.0, -0.854689, 0.000946, 0.0, 1.0, 0.0, 0.755725, 0.0, 0.0, 0.0, 1.0],
                [0.854689, 0.0, -0.51914, -5e-06, -0.51914, 0.0, -0.854689, 0.000946, 0.0, 1.0, 0.0, 0.755725, 0.0, 0.0, 0.0, 1.0],
                [0.854689, 0.0, -0.51914, -5e-06, -0.51914, 0.0, -0.854689, 0.000946, 0.0, 1.0, 0.0, 0.755725, 0.0, 0.0, 0.0, 1.0]
            ]
        },
        {
            "name": "Thigh_R",
            "time": [0.0, 1.0333, 1.3, 1.5, 1.6667, 1.8, 1.9667, 2.2667, 2.5333, 2.6667, 2.8, 2.9333, 3.2333, 3.5333],
            "transform": [
                [0.962765, 0.059156, -0.263788, 0.089257, 0.106329, -0.979981, 0.168307, -0.001866, -0.248551, -0.190088, -0.949784, -0.059943, 0.0, 0.0, 0.0, 1.0],
                [0.791661, 0.189683, 0.580769, 0.116465, 0.086495, -0.975804, 0.200801, -0.001718, 0.604806, -0.108732, -0.788915, 0.005323, 0.0, 0.0, 0.0, 1.0],
                [0.791661, 0.189683, 0.580769, 0.116465, 0.086495, -0.975804, 0.200801, -0.001718, 0.604806, -0.108732, -0.788915, 0.005323, 0.0, 0.0, 0.0, 1.0],
                [0.791661, 0.189683, 0.580769, 0.116465, 0.086495, -0.975804, 0.200801, -0.001718, 0.604806, -0.108732, -0.788915, 0.005323, 0.0, 0.0, 0.0, 1.0],
                [0.791661, 0.189683, 0.580769, 0.116465, 0.086495, -0.975804, 0.200801, -0.001718, 0.604806, -0.108732, -0.788915, 0.005323, 0.0, 0.0, 0.0, 1.0],
                [0.791661, 0.189683, 0.580769, 0.116465, 0.086495, -0.975804, 0.200801, -0.001718, 0.604806, -0.108732, -0.788915, 0.005323, 0.0, 0.0, 0.0, 1.0],
                [0.791661, 0.189683, 0.580769, 0.116465, 0.086495, -0.975804, 0.200801, -0.001718, 0.604806, -0.108732, -0.788915, 0.005323, 0.0, 0.0, 0.0, 1.0],
                [0.791661, 0.189683, 0.580769, 0.116465, 0.086495, -0.975804, 0.200801, -0.001718, 0.604806, -0.108732, -0.788915, 0.005323, 0.0, 0.0, 0.0, 1.0],
                [0.791661, 0.189683, 0.580769, 0.116465, 0.086495, -0.975804, 0.200801, -0.001718, 0.604806, -0.108732, -0.788915, 0.005323, 0.0, 0.0, 0.0, 1.0],
                [0.791661, 0.189683, 0.580769, 0.116465, 0.086495, -0.975804, 0.200801, -0.001718, 0.604806, -0.108732, -0.788915, 0.005323, 0.0, 0.0, 0.0, 1.0],
                [0.791661, 0.189683, 0.580769, 0.116465, 0.086495, -0.975804, 0.200801, -0.001718, 0.604806, -0.108732, -0.788915, 0.005323, 0.0, 0.0, 0.0, 1.0],
                [0.834089, 0.182317, 0.52063, 0.114174, 0.089152, -0.975947, 0.198934, -0.00173, 0.544377, -0.119513, -0.830283, -0.000173, 0.0, 0.0, 0.0, 1.0],
                [0.962765, 0.059156, -0.263788, 0.089257, 0.106329, -0.979981, 0.168307, -0.001866, -0.248551, -0.190088, -0.949784, -0.059943, 0.0, 0.0, 0.0, 1.0],
                [0.962765, 0.059156, -0.263788, 0.089257, 0.106329, -0.979981, 0.168307, -0.001866, -0.248551, -0.190088, -0.949784, -0.059943, 0.0, 0.0, 0.0, 1.0]
            ]
        },
        {
            "name": "Leg_R",
            "time": [0.0, 1.0333, 1.3, 1.5, 1.6667, 1.8, 1.9667, 2.2667, 2.5333, 2.6667, 2.8, 2.9333, 3.2333, 3.5333],
            "transform": [
                [1.0, -0.0, 2e-06, 0.0, -0.0, 0.966099, 0.258173, 0.37472, -2e-06, -0.258173, 0.966098, 0.0, 0.0, 0.0, 0.0, 1.0],
                [1.0, -0.0, 2e-06, -0.0, -0.0, 0.966099, 0.258173, 0.37472, -2e-06, -0.258173, 0.966098, -0.0, 0.0, 0.0, 0.0, 1.0],
                [1.0, -0.0, 2e-06, -0.0, -0.0, 0.966099, 0.258173, 0.37472, -2e-06, -0.258173, 0.966098, -0.0, 0.0, 0.0, 0.0, 1.0],
                [1.0, -0.0, 2e-06, -0.0, -0.0, 0.966099, 0.258173, 0.37472, -2e-06, -0.258173, 0.966098, -0.0, 0.0, 0.0, 0.0, 1.0],
                [1.0, -0.0, 2e-06, -0.0, -0.0, 0.966099, 0.258173, 0.37472, -2e-06, -0.258173, 0.966098, -0.0, 0.0, 0.0, 0.0, 1.0],
                [1.0, -0.0, 2e-06, -0.0, -0.0, 0.966099, 0.258173, 0.37472, -2e-06, -0.258173, 0.966098, -0.0, 0.0, 0.0, 0.0, 1.0],
                [1.0, -0.0, 2e-06, -0.0, -0.0, 0.966099, 0.258173, 0.37472, -2e-06, -0.258173, 0.966098, -0.0, 0.0, 0.0, 0.0, 1.0],
                [1.0, -0.0, 2e-06, -0.0, -0.0, 0.966099, 0.258173, 0.37472, -2e-06, -0.258173, 0.966098, -0.0, 0.0, 0.0, 0.0, 1.0],
                [1.0, -0.0, 2e-06, -0.0, -0.0, 0.966099, 0.258173, 0.37472, -2e-06, -0.258173, 0.966098, -0.0, 0.0, 0.0, 0.0, 1.0],
                [1.0, -0.0, 2e-06, -0.0, -0.0, 0.966099, 0.258173, 0.37472, -2e-06, -0.258173, 0.966098, -0.0, 0.0, 0.0, 0.0, 1.0],
                [1.0, -0.0, 2e-06, -0.0, -0.0, 0.966099, 0.258173, 0.37472, -2e-06, -0.258173, 0.966098, -0.0, 0.0, 0.0, 0.0, 1.0],
                [1.0, -0.0, 2e-06, 0.0, -0.0, 0.966099, 0.258173, 0.37472, -2e-06, -0.258173, 0.966098, 0.0, 0.0, 0.0, 0.0, 1.0],
                [1.0, -0.0, 2e-06, 0.0, -0.0, 0.966099, 0.258173, 0.37472, -2e-06, -0.258173, 0.966098, 0.0, 0.0, 0.0, 0.0, 1.0],
                [1.0, -0.0, 2e-06, 0.0, -0.0, 0.966099, 0.258173, 0.37472, -2e-06, -0.258173, 0.966098, 0.0, 0.0, 0.0, 0.0, 1.0]
            ]
        },
        {
            "name": "Knee_R",
            "time": [0.0, 1.0333, 1.3, 1.5, 1.6667, 1.8, 1.9667, 2.2667, 2.5333, 2.6667, 2.8, 2.9333, 3.5333],
            "transform": [
                [1.0, 0.0, -0.0, 0.0, -0.0, 0.0, -1.0, 0.37472, -0.0, 1.0, 0.0, 0.0, 0.0, 0.0, 0.0, 1.0],
                [1.0, 0.0, -0.0, -0.0, -0.0, 0.0, -1.0, 0.37472, -0.0, 1.0, 0.0, -0.0, 0.0, 0.0, 0.0, 1.0],
                [1.0, 0.0, -0.0, -0.0, -0.0, 0.0, -1.0, 0.37472, -0.0, 1.0, 0.0, -0.0, 0.0, 0.0, 0.0, 1.0],
                [1.0, 0.0, -0.0, -0.0, -0.0, 0.0, -1.0, 0.37472, -0.0, 1.0, 0.0, -0.0, 0.0, 0.0, 0.0, 1.0],
                [1.0, 0.0, -0.0, -0.0, -0.0, 0.0, -1.0, 0.37472, -0.0, 1.0, 0.0, -0.0, 0.0, 0.0, 0.0, 1.0],
                [1.0, 0.0, -0.0, -0.0, -0.0, 0.0, -1.0, 0.37472, -0.0, 1.0, 0.0, -0.0, 0.0, 0.0, 0.0, 1.0],
                [1.0, 0.0, -0.0, -0.0, -0.0, 0.0, -1.0, 0.37472, -0.0, 1.0, 0.0, -0.0, 0.0, 0.0, 0.0, 1.0],
                [1.0, 0.0, -0.0, -0.0, -0.0, 0.0, -1.0, 0.37472, -0.0, 1.0, 0.0, -0.0, 0.0, 0.0, 0.0, 1.0],
                [1.0, 0.0, -0.0, -0.0, -0.0, 0.0, -1.0, 0.37472, -0.0, 1.0, 0.0, -0.0, 0.0, 0.0, 0.0, 1.0],
                [1.0, 0.0, -0.0, -0.0, -0.0, 0.0, -1.0, 0.37472, -0.0, 1.0, 0.0, -0.0, 0.0, 0.0, 0.0, 1.0],
                [1.0, 0.0, -0.0, -0.0, -0.0, 0.0, -1.0, 0.37472, -0.0, 1.0, 0.0, -0.0, 0.0, 0.0, 0.0, 1.0],
                [1.0, 0.0, -0.0, 0.0, -0.0, 0.0, -1.0, 0.37472, -0.0, 1.0, 0.0, 0.0, 0.0, 0.0, 0.0, 1.0],
                [1.0, 0.0, -0.0, 0.0, -0.0, 0.0, -1.0, 0.37472, -0.0, 1.0, 0.0, 0.0, 0.0, 0.0, 0.0, 1.0]
            ]
        },
        {
            "name": "Thigh_L",
            "time": [0.0, 1.0333, 1.3, 1.5, 1.6667, 1.8, 1.9667, 2.2667, 2.5333, 2.6667, 2.8, 2.9333, 3.5333],
            "transform": [
                [0.824801, -0.137797, -0.548374, -0.125062, -0.073024, -0.987687, 0.138355, -0.004375, -0.560687, -0.074071, -0.824708, -0.000235, 0.0, 0.0, 0.0, 1.0],
                [0.805641, -0.359388, -0.470938, -0.153264, -0.019245, -0.810419, 0.585534, -0.064814, -0.592091, -0.462668, -0.659823, -0.052693, 0.0, 0.0, 0.0, 1.0],
                [0.805641, -0.359388, -0.470938, -0.153264, -0.019245, -0.810419, 0.585534, -0.064814, -0.592091, -0.462668, -0.659823, -0.052693, 0.0, 0.0, 0.0, 1.0],
                [0.805641, -0.359388, -0.470938, -0.153264, -0.019245, -0.810419, 0.585534, -0.064814, -0.592091, -0.462668, -0.659823, -0.052693, 0.0, 0.0, 0.0, 1.0],
                [0.805641, -0.359388, -0.470938, -0.153264, -0.019245, -0.810419, 0.585534, -0.064814, -0.592091, -0.462668, -0.659823, -0.052693, 0.0, 0.0, 0.0, 1.0],
                [0.805641, -0.359388, -0.470938, -0.153264, -0.019245, -0.810419, 0.585534, -0.064814, -0.592091, -0.462668, -0.659823, -0.052693, 0.0, 0.0, 0.0, 1.0],
                [0.805641, -0.359388, -0.470938, -0.153264, -0.019245, -0.810419, 0.585534, -0.064814, -0.592091, -0.462668, -0.659823, -0.052693, 0.0, 0.0, 0.0, 1.0],
                [0.805641, -0.359388, -0.470938, -0.153264, -0.019245, -0.810419, 0.585534, -0.064814, -0.592091, -0.462668, -0.659823, -0.052693, 0.0, 0.0, 0.0, 1.0],
                [0.805641, -0.359388, -0.470938, -0.153264, -0.019245, -0.810419, 0.585534, -0.064814, -0.592091, -0.462668, -0.659823, -0.052693, 0.0, 0.0, 0.0, 1.0],
                [0.805641, -0.359388, -0.470938, -0.153264, -0.019245, -0.810419, 0.585534, -0.064814, -0.592091, -0.462668, -0.659823, -0.052693, 0.0, 0.0, 0.0, 1.0],
                [0.805641, -0.359388, -0.470938, -0.153264, -0.019245, -0.810419, 0.585534, -0.064814, -0.592091, -0.462668, -0.659823, -0.052693, 0.0, 0.0, 0.0, 1.0],
                [0.806744, -0.342565, -0.481469, -0.150889, -0.02436, -0.833394, 0.552142, -0.059724, -0.590398, -0.433709, -0.680681, -0.048276, 0.0, 0.0, 0.0, 1.0],
                [0.824801, -0.137797, -0.548374, -0.125062, -0.073024, -0.987687, 0.138355, -0.004375, -0.560687, -0.074071, -0.824708, -0.000235, 0.0, 0.0, 0.0, 1.0]
            ]
        },
        {
            "name": "Leg_L",
            "time": [0.0, 0.8, 1.0333, 1.3, 1.5, 1.6667, 1.8, 1.9667, 2.2667, 2.5333, 2.6667, 2.8, 2.9333, 3.5333],
            "transform": [
                [1.0, -0.0, 1e-06, 0.0, 0.0, 0.984973, 0.172708, 0.37472, -1e-06, -0.172708, 0.984973, -0.0, 0.0, 0.0, 0.0, 1.0],
                [0.994675, -0.095739, 0.038147, -0.0, 0.043584, 0.72619, 0.686111, 0.37472, -0.09339, -0.680795, 0.726496, 0.0, 0.0, 0.0, 0.0, 1.0],
                [0.995076, -0.091741, 0.037506, 0.0, 0.046274, 0.76468, 0.642746, 0.37472, -0.087647, -0.637846, 0.765161, -0.0, 0.0, 0.0, 0.0, 1.0],
                [0.995242, -0.090073, 0.037168, 0.0, 0.047304, 0.780102, 0.623861, 0.37472, -0.085188, -0.619134, 0.780652, -0.0, 0.0, 0.0, 0.0, 1.0],
                [0.995308, -0.089402, 0.03702, 0.0, 0.047702, 0.786192, 0.616138, 0.37472, -0.084189, -0.611481, 0.786768, -0.0, 0.0, 0.0, 0.0, 1.0],
                [0.995346, -0.089015, 0.036931, 0.0, 0.047928, 0.789682, 0.611642, 0.37472, -0.083609, -0.607024, 0.790273, -0.0, 0.0, 0.0, 0.0, 1.0],
                [0.995372, -0.08875, 0.036869, 0.0, 0.048081, 0.792056, 0.608552, 0.37472, -0.083211, -0.603962, 0.792658, -0.0, 0.0, 0.0, 0.0, 1.0],
                [0.995403, -0.08843, 0.036792, 0.0, 0.048263, 0.794907, 0.604809, 0.37472, -0.08273, -0.600252, 0.795521, -0.0, 0.0, 0.0, 0.0, 1.0],
                [0.995458, -0.087869, 0.036654, 0.0, 0.048579, 0.799881, 0.59819, 0.37472, -0.081881, -0.593691, 0.800516, -0.0, 0.0, 0.0, 0.0, 1.0],
                [0.995502, -0.087416, 0.03654, 0.0, 0.048829, 0.803857, 0.592816, 0.37472, -0.081194, -0.588364, 0.804509, -0.0, 0.0, 0.0, 0.0, 1.0],
                [0.995522, -0.08721, 0.036486, 0.0, 0.048941, 0.805662, 0.590351, 0.37472, -0.08088, -0.585921, 0.806322, -0.0, 0.0, 0.0, 0.0, 1.0],
                [0.995542, -0.086997, 0.03643, 0.0, 0.049056, 0.807518, 0.5878, 0.37472, -0.080555, -0.583392, 0.808186, -0.0, 0.0, 0.0, 0.0, 1.0],
                [0.996281, -0.078816, 0.034814, 0.0, 0.046594, 0.832697, 0.551766, 0.37472, -0.072478, -0.548091, 0.833273, -0.0, 0.0, 0.0, 0.0, 1.0],
                [1.0, -0.0, 1e-06, 0.0, 0.0, 0.984973, 0.172708, 0.37472, -1e-06, -0.172708, 0.984973, -0.0, 0.0, 0.0, 0.0, 1.0]
            ]
        },
        {
            "name": "Knee_L",
            "time": [0.0, 1.0333, 1.3, 1.5, 1.6667, 1.8, 1.9667, 2.2667, 2.5333, 2.6667, 2.8, 2.9333, 3.5333],
            "transform": [
                [1.0, 0.0, -0.0, 0.0, -0.0, 0.0, -1.0, 0.37472, -0.0, 1.0, 0.0, -0.0, 0.0, 0.0, 0.0, 1.0],
                [1.0, 0.0, -0.0, 0.0, -0.0, 0.0, -1.0, 0.37472, -0.0, 1.0, 0.0, -0.0, 0.0, 0.0, 0.0, 1.0],
                [1.0, 0.0, -0.0, 0.0, -0.0, 0.0, -1.0, 0.37472, -0.0, 1.0, 0.0, -0.0, 0.0, 0.0, 0.0, 1.0],
                [1.0, 0.0, -0.0, 0.0, -0.0, 0.0, -1.0, 0.37472, -0.0, 1.0, 0.0, -0.0, 0.0, 0.0, 0.0, 1.0],
                [1.0, 0.0, -0.0, 0.0, -0.0, 0.0, -1.0, 0.37472, -0.0, 1.0, 0.0, -0.0, 0.0, 0.0, 0.0, 1.0],
                [1.0, 0.0, -0.0, 0.0, -0.0, 0.0, -1.0, 0.37472, -0.0, 1.0, 0.0, -0.0, 0.0, 0.0, 0.0, 1.0],
                [1.0, 0.0, -0.0, 0.0, -0.0, 0.0, -1.0, 0.37472, -0.0, 1.0, 0.0, -0.0, 0.0, 0.0, 0.0, 1.0],
                [1.0, 0.0, -0.0, 0.0, -0.0, 0.0, -1.0, 0.37472, -0.0, 1.0, 0.0, -0.0, 0.0, 0.0, 0.0, 1.0],
                [1.0, 0.0, -0.0, 0.0, -0.0, 0.0, -1.0, 0.37472, -0.0, 1.0, 0.0, -0.0, 0.0, 0.0, 0.0, 1.0],
                [1.0, 0.0, -0.0, 0.0, -0.0, 0.0, -1.0, 0.37472, -0.0, 1.0, 0.0, -0.0, 0.0, 0.0, 0.0, 1.0],
                [1.0, 0.0, -0.0, 0.0, -0.0, 0.0, -1.0, 0.37472, -0.0, 1.0, 0.0, -0.0, 0.0, 0.0, 0.0, 1.0],
                [1.0, 0.0, -0.0, 0.0, -0.0, 0.0, -1.0, 0.37472, -0.0, 1.0, 0.0, -0.0, 0.0, 0.0, 0.0, 1.0],
                [1.0, 0.0, -0.0, 0.0, -0.0, 0.0, -1.0, 0.37472, -0.0, 1.0, 0.0, -0.0, 0.0, 0.0, 0.0, 1.0]
            ]
        },
        {
            "name": "Torso",
            "time": [0.0, 1.0333, 1.3, 1.5, 1.6667, 1.8, 1.9667, 2.2667, 2.5333, 2.6667, 2.8, 2.9333, 3.5333],
            "transform": [
                [0.941706, -0.027332, 0.335325, -0.0, 0.020667, 0.999512, 0.023431, 0.05, -0.335802, -0.015135, 0.941811, 0.0, 0.0, 0.0, 0.0, 1.0],
                [0.878819, -0.041112, -0.475381, -0.0, 0.061216, 0.997763, 0.026878, 0.05, 0.473213, -0.052722, 0.879369, 0.0, 0.0, 0.0, 0.0, 1.0],
                [0.878819, -0.041112, -0.475381, -0.0, 0.061216, 0.997763, 0.026878, 0.05, 0.473213, -0.052722, 0.879369, 0.0, 0.0, 0.0, 0.0, 1.0],
                [0.878819, -0.041112, -0.475381, -0.0, 0.061216, 0.997763, 0.026878, 0.05, 0.473213, -0.052722, 0.879369, 0.0, 0.0, 0.0, 0.0, 1.0],
                [0.878819, -0.041112, -0.475381, -0.0, 0.061216, 0.997763, 0.026878, 0.05, 0.473213, -0.052722, 0.879369, 0.0, 0.0, 0.0, 0.0, 1.0],
                [0.878819, -0.041112, -0.475381, -0.0, 0.061216, 0.997763, 0.026878, 0.05, 0.473213, -0.052722, 0.879369, 0.0, 0.0, 0.0, 0.0, 1.0],
                [0.878819, -0.041112, -0.475381, -0.0, 0.061216, 0.997763, 0.026878, 0.05, 0.473213, -0.052722, 0.879369, 0.0, 0.0, 0.0, 0.0, 1.0],
                [0.878819, -0.041112, -0.475381, -0.0, 0.061216, 0.997763, 0.026878, 0.05, 0.473213, -0.052722, 0.879369, 0.0, 0.0, 0.0, 0.0, 1.0],
                [0.878819, -0.041112, -0.475381, -0.0, 0.061216, 0.997763, 0.026878, 0.05, 0.473213, -0.052722, 0.879369, 0.0, 0.0, 0.0, 0.0, 1.0],
                [0.878819, -0.041112, -0.475381, -0.0, 0.061216, 0.997763, 0.026878, 0.05, 0.473213, -0.052722, 0.879369, 0.0, 0.0, 0.0, 0.0, 1.0],
                [0.878819, -0.041112, -0.475381, -0.0, 0.061216, 0.997763, 0.026878, 0.05, 0.473213, -0.052722, 0.879369, 0.0, 0.0, 0.0, 0.0, 1.0],
                [0.909506, -0.041225, -0.413641, -0.0, 0.05792, 0.997931, 0.027897, 0.05, 0.411635, -0.049331, 0.910013, 0.0, 0.0, 0.0, 0.0, 1.0],
                [0.941706, -0.027332, 0.335325, -0.0, 0.020667, 0.999512, 0.023431, 0.05, -0.335802, -0.015135, 0.941811, 0.0, 0.0, 0.0, 0.0, 1.0]
            ]
        },
        {
            "name": "Chest",
            "time": [0.0, 1.0333, 1.3, 1.5, 1.6667, 1.8, 1.9667, 2.2667, 2.5333, 2.6667, 2.8, 2.9333, 3.5333],
            "transform": [
                [0.968895, -0.024275, 0.246277, -0.0, 0.031899, 0.999126, -0.027014, 0.3, -0.245406, 0.03403, 0.968823, 0.0, 0.0, 0.0, 0.0, 1.0],
                [0.967987, 0.05651, 0.244556, 0.0, -0.034372, 0.994991, -0.093865, 0.3, -0.248636, 0.082454, 0.965081, 0.0, 0.0, 0.0, 0.0, 1.0],
                [0.967987, 0.05651, 0.244556, 0.0, -0.034372, 0.994991, -0.093865, 0.3, -0.248636, 0.082454, 0.965081, 0.0, 0.0, 0.0, 0.0, 1.0],
                [0.967987, 0.05651, 0.244556, 0.0, -0.034372, 0.994991, -0.093865, 0.3, -0.248636, 0.082454, 0.965081, 0.0, 0.0, 0.0, 0.0, 1.0],
                [0.967987, 0.05651, 0.244556, 0.0, -0.034372, 0.994991, -0.093865, 0.3, -0.248636, 0.082454, 0.965081, 0.0, 0.0, 0.0, 0.0, 1.0],
                [0.967987, 0.05651, 0.244556, 0.0, -0.034372, 0.994991, -0.093865, 0.3, -0.248636, 0.082454, 0.965081, 0.0, 0.0, 0.0, 0.0, 1.0],
                [0.967987, 0.05651, 0.244556, 0.0, -0.034372, 0.994991, -0.093865, 0.3, -0.248636, 0.082454, 0.965081, 0.0, 0.0, 0.0, 0.0, 1.0],
                [0.967987, 0.05651, 0.244556, 0.0, -0.034372, 0.994991, -0.093865, 0.3, -0.248636, 0.082454, 0.965081, 0.0, 0.0, 0.0, 0.0, 1.0],
                [0.967987, 0.05651, 0.244556, 0.0, -0.034372, 0.994991, -0.093865, 0.3, -0.248636, 0.082454, 0.965081, 0.0, 0.0, 0.0, 0.0, 1.0],
                [0.967987, 0.05651, 0.244556, 0.0, -0.034372, 0.994991, -0.093865, 0.3, -0.248636, 0.082454, 0.965081, 0.0, 0.0, 0.0, 0.0, 1.0],
                [0.967987, 0.05651, 0.244556, 0.0, -0.034372, 0.994991, -0.093865, 0.3, -0.248636, 0.082454, 0.965081, 0.0, 0.0, 0.0, 0.0, 1.0],
                [0.96827, 0.049719, 0.24491, 0.0, -0.028805, 0.995682, -0.088252, 0.3, -0.24824, 0.078398, 0.965521, -0.0, 0.0, 0.0, 0.0, 1.0],
                [0.968895, -0.024275, 0.246277, -0.0, 0.031899, 0.999126, -0.027014, 0.3, -0.245406, 0.03403, 0.968823, 0.0, 0.0, 0.0, 0.0, 1.0]
            ]
        },
        {
            "name": "Head",
            "time": [0.0, 1.0333, 1.3, 1.5, 1.6667, 1.8, 1.9667, 2.2667, 2.5333, 2.6667, 2.8, 2.9333, 3.5333],
            "transform": [
                [0.998851, 0.001677, -0.047891, 0.0, 0.001741, 0.997457, 0.071244, 0.4, 0.047889, -0.071245, 0.996309, 0.0, 0.0, 0.0, 0.0, 1.0],
                [0.613233, -0.182539, 0.768521, 0.0, -0.010249, 0.971012, 0.238812, 0.4, -0.789835, -0.154324, 0.593586, 0.0, 0.0, 0.0, 0.0, 1.0],
                [0.613233, -0.182539, 0.768521, 0.0, -0.010249, 0.971012, 0.238812, 0.4, -0.789835, -0.154324, 0.593586, 0.0, 0.0, 0.0, 0.0, 1.0],
                [0.61346, -0.219585, 0.758584, 0.0, -0.017299, 0.956599, 0.290893, 0.4, -0.789536, -0.191574, 0.583037, 0.0, 0.0, 0.0, 0.0, 1.0],
                [0.613448, -0.218285, 0.758969, 0.0, -0.01705, 0.957157, 0.289067, 0.4, -0.789551, -0.190268, 0.583444, 0.0, 0.0, 0.0, 0.0, 1.0],
                [0.613429, -0.216326, 0.759544, 0.0, -0.016676, 0.957991, 0.286313, 0.4, -0.789574, -0.188299, 0.584052, 0.0, 0.0, 0.0, 0.0, 1.0],
                [0.613403, -0.213391, 0.760395, 0.0, -0.016115, 0.959224, 0.282187, 0.4, -0.789605, -0.185348, 0.584952, 0.0, 0.0, 0.0, 0.0, 1.0],
                [0.613359, -0.207951, 0.761936, 0.0, -0.015076, 0.961457, 0.274542, 0.4, -0.78966, -0.17988, 0.586583, 0.0, 0.0, 0.0, 0.0, 1.0],
                [0.613328, -0.20357, 0.763143, 0.0, -0.014241, 0.963207, 0.268383, 0.4, -0.7897, -0.175475, 0.587863, 0.0, 0.0, 0.0, 0.0, 1.0],
                [0.613316, -0.201591, 0.763679, 0.0, -0.013865, 0.963983, 0.265601, 0.4, -0.789716, -0.173485, 0.588431, 0.0, 0.0, 0.0, 0.0, 1.0],
                [0.613304, -0.199573, 0.764218, 0.0, -0.013481, 0.964766, 0.262764, 0.4, -0.789732, -0.171457, 0.589004, 0.0, 0.0, 0.0, 0.0, 1.0],
                [0.721753, -0.156825, 0.67415, -0.0, 0.000309, 0.974066, 0.226263, 0.4, -0.692151, -0.163098, 0.703083, 0.0, 0.0, 0.0, 0.0, 1.0],
                [0.998851, 0.001677, -0.047891, 0.0, 0.001741, 0.997457, 0.071244, 0.4, 0.047889, -0.071245, 0.996309, 0.0, 0.0, 0.0, 0.0, 1.0]
            ]
        },
        {
            "name": "Shoulder_R",
            "time": [0.0, 1.0333, 1.3, 1.5, 1.6667, 1.8, 1.9667, 2.2667, 2.5333, 2.6667, 2.8, 2.9333, 3.5333],
            "transform": [
                [-0.231826, 0.900538, 0.367815, 0.0, -0.035997, -0.385799, 0.92188, 0.4, 0.972091, 0.200476, 0.121855, 0.0, 0.0, 0.0, 0.0, 1.0],
                [-0.231826, 0.900538, 0.367815, 0.0, -0.035997, -0.385799, 0.92188, 0.4, 0.972091, 0.200476, 0.121855, 0.0, 0.0, 0.0, 0.0, 1.0],
                [-0.231826, 0.900538, 0.367815, 0.0, -0.035997, -0.385799, 0.92188, 0.4, 0.972091, 0.200476, 0.121855, 0.0, 0.0, 0.0, 0.0, 1.0],
                [-0.231826, 0.900538, 0.367815, 0.0, -0.035997, -0.385799, 0.92188, 0.4, 0.972091, 0.200476, 0.121855, 0.0, 0.0, 0.0, 0.0, 1.0],
                [-0.231826, 0.900538, 0.367815, 0.0, -0.035997, -0.385799, 0.92188, 0.4, 0.972091, 0.200476, 0.121855, 0.0, 0.0, 0.0, 0.0, 1.0],
                [-0.231826, 0.900538, 0.367815, 0.0, -0.035997, -0.385799, 0.92188, 0.4, 0.972091, 0.200476, 0.121855, 0.0, 0.0, 0.0, 0.0, 1.0],
                [-0.231826, 0.900538, 0.367815, 0.0, -0.035997, -0.385799, 0.92188, 0.4, 0.972091, 0.200476, 0.121855, 0.0, 0.0, 0.0, 0.0, 1.0],
                [-0.231826, 0.900538, 0.367815, 0.0, -0.035997, -0.385799, 0.92188, 0.4, 0.972091, 0.200476, 0.121855, 0.0, 0.0, 0.0, 0.0, 1.0],
                [-0.231826, 0.900538, 0.367815, 0.0, -0.035997, -0.385799, 0.92188, 0.4, 0.972091, 0.200476, 0.121855, 0.0, 0.0, 0.0, 0.0, 1.0],
                [-0.231826, 0.900538, 0.367815, 0.0, -0.035997, -0.385799, 0.92188, 0.4, 0.972091, 0.200476, 0.121855, 0.0, 0.0, 0.0, 0.0, 1.0],
                [-0.231826, 0.900538, 0.367815, 0.0, -0.035997, -0.385799, 0.92188, 0.4, 0.972091, 0.200476, 0.121855, 0.0, 0.0, 0.0, 0.0, 1.0],
                [-0.231826, 0.900538, 0.367815, -0.0, -0.035997, -0.385799, 0.92188, 0.4, 0.972091, 0.200476, 0.121855, 0.0, 0.0, 0.0, 0.0, 1.0],
                [-0.231826, 0.900538, 0.367815, 0.0, -0.035997, -0.385799, 0.92188, 0.4, 0.972091, 0.200476, 0.121855, 0.0, 0.0, 0.0, 0.0, 1.0]
            ]
        },
        {
            "name": "Arm_R",
            "time": [0.0, 1.0333, 1.1333, 1.8, 2.8, 2.9333, 3.5333],
            "transform": [
                [0.166726, -0.073855, -0.983233, 0.0, 0.854041, 0.509172, 0.106573, 0.39386, 0.492764, -0.85749, 0.147968, 0.0, 0.0, 0.0, 0.0, 1.0],
                [0.166726, -0.073855, -0.983233, 0.0, 0.854041, 0.509172, 0.106573, 0.393861, 0.492764, -0.85749, 0.147968, -0.0, 0.0, 0.0, 0.0, 1.0],
                [0.166726, -0.073855, -0.983233, 0.0, 0.854041, 0.509172, 0.106573, 0.393861, 0.492764, -0.85749, 0.147968, -0.0, 0.0, 0.0, 0.0, 1.0],
                [0.198251, -0.160596, -0.966905, 0.0, 0.845095, 0.527715, 0.085626, 0.393861, 0.4965, -0.834102, 0.240339, -0.0, 0.0, 0.0, 0.0, 1.0],
                [0.167965, -0.069777, -0.98332, 0.0, 0.851344, 0.513158, 0.109008, 0.393861, 0.496992, -0.855453, 0.145597, -0.0, 0.0, 0.0, 0.0, 1.0],
                [0.167339, -0.070213, -0.983396, -0.0, 0.852085, 0.512049, 0.108435, 0.39386, 0.495933, -0.856082, 0.145513, 0.0, 0.0, 0.0, 0.0, 1.0],
                [0.166726, -0.073855, -0.983233, 0.0, 0.854041, 0.509172, 0.106573, 0.39386, 0.492764, -0.85749, 0.147968, 0.0, 0.0, 0.0, 0.0, 1.0]
            ]
        },
        {
            "name": "Hand_R",
            "time": [0.0, 1.0333, 1.3, 1.5, 1.6667, 1.8, 1.9667, 2.2667, 2.5333, 2.6667, 2.8, 2.9333, 3.5333],
            "transform": [
                [0.98546, -0.169495, -0.011855, 0.0, 0.168151, 0.982899, -0.07506, 0.3, 0.024375, 0.071976, 0.997109, -0.0, 0.0, 0.0, 0.0, 1.0],
                [0.98546, -0.169495, -0.011855, 0.0, 0.168151, 0.982899, -0.07506, 0.3, 0.024375, 0.071975, 0.997109, 0.0, 0.0, 0.0, 0.0, 1.0],
                [0.98546, -0.169495, -0.011855, 0.0, 0.168151, 0.982899, -0.07506, 0.3, 0.024375, 0.071975, 0.997109, -0.0, 0.0, 0.0, 0.0, 1.0],
                [0.98546, -0.169495, -0.011855, 0.0, 0.168151, 0.982899, -0.07506, 0.3, 0.024375, 0.071975, 0.997109, 0.0, 0.0, 0.0, 0.0, 1.0],
                [0.98546, -0.169495, -0.011855, 0.0, 0.168151, 0.982899, -0.07506, 0.3, 0.024375, 0.071975, 0.997109, -0.0, 0.0, 0.0, 0.0, 1.0],
                [0.98546, -0.169495, -0.011855, 0.0, 0.168151, 0.982899, -0.07506, 0.3, 0.024375, 0.071975, 0.997109, 0.0, 0.0, 0.0, 0.0, 1.0],
                [0.98546, -0.169495, -0.011855, -0.0, 0.168151, 0.982899, -0.07506, 0.3, 0.024375, 0.071975, 0.997109, 0.0, 0.0, 0.0, 0.0, 1.0],
                [0.98546, -0.169495, -0.011855, 0.0, 0.168151, 0.982899, -0.07506, 0.3, 0.024375, 0.071975, 0.997109, 0.0, 0.0, 0.0, 0.0, 1.0],
                [0.98546, -0.169495, -0.011855, 0.0, 0.168151, 0.982899, -0.07506, 0.3, 0.024375, 0.071975, 0.997109, 0.0, 0.0, 0.0, 0.0, 1.0],
                [0.98546, -0.169495, -0.011855, 0.0, 0.168151, 0.982899, -0.07506, 0.3, 0.024375, 0.071975, 0.997108, 0.0, 0.0, 0.0, 0.0, 1.0],
                [0.98546, -0.169495, -0.011855, 0.0, 0.168151, 0.982899, -0.07506, 0.3, 0.024375, 0.071975, 0.997108, 0.0, 0.0, 0.0, 0.0, 1.0],
                [0.98546, -0.169495, -0.011855, -0.0, 0.168151, 0.982899, -0.07506, 0.3, 0.024375, 0.071976, 0.997109, 0.0, 0.0, 0.0, 0.0, 1.0],
                [0.98546, -0.169495, -0.011855, 0.0, 0.168151, 0.982899, -0.07506, 0.3, 0.024375, 0.071976, 0.997109, -0.0, 0.0, 0.0, 0.0, 1.0]
            ]
        },
        {
            "name": "Tool_R",
            "time": [0.0, 1.0333, 1.3, 1.5, 1.6667, 1.8, 1.9667, 2.2667, 2.5333, 2.6667, 2.8, 2.9333, 3.5333],
            "transform": [
                [0.983345, -0.173827, 0.053071, 0.0, -0.110087, -0.802007, -0.587082, 0.272858, 0.144614, 0.571462, -0.807786, 0.0, 0.0, 0.0, 0.0, 1.0],
                [0.983345, -0.173827, 0.053071, 0.0, -0.110087, -0.802008, -0.587082, 0.272858, 0.144614, 0.571462, -0.807786, -0.0, 0.0, 0.0, 0.0, 1.0],
                [0.983345, -0.173827, 0.053071, 0.0, -0.110087, -0.802008, -0.587082, 0.272858, 0.144614, 0.571462, -0.807786, 0.0, 0.0, 0.0, 0.0, 1.0],
                [0.983345, -0.173827, 0.053071, 0.0, -0.110087, -0.802008, -0.587082, 0.272858, 0.144614, 0.571462, -0.807786, 0.0, 0.0, 0.0, 0.0, 1.0],
                [0.983345, -0.173827, 0.053071, 0.0, -0.110087, -0.802008, -0.587082, 0.272858, 0.144614, 0.571462, -0.807786, 0.0, 0.0, 0.0, 0.0, 1.0],
                [0.983345, -0.173827, 0.053071, -0.0, -0.110087, -0.802008, -0.587082, 0.272858, 0.144614, 0.571462, -0.807786, -0.0, 0.0, 0.0, 0.0, 1.0],
                [0.983345, -0.173827, 0.053071, -0.0, -0.110087, -0.802007, -0.587082, 0.272858, 0.144614, 0.571462, -0.807786, 0.0, 0.0, 0.0, 0.0, 1.0],
                [0.983345, -0.173827, 0.053071, 0.0, -0.110087, -0.802007, -0.587082, 0.272858, 0.144614, 0.571462, -0.807786, 0.0, 0.0, 0.0, 0.0, 1.0],
                [0.983345, -0.173827, 0.053071, 0.0, -0.110087, -0.802008, -0.587082, 0.272858, 0.144614, 0.571462, -0.807786, -0.0, 0.0, 0.0, 0.0, 1.0],
                [0.983345, -0.173827, 0.053071, -0.0, -0.110087, -0.802008, -0.587082, 0.272858, 0.144614, 0.571462, -0.807786, 0.0, 0.0, 0.0, 0.0, 1.0],
                [0.983345, -0.173827, 0.053071, -0.0, -0.110087, -0.802008, -0.587082, 0.272858, 0.144614, 0.571462, -0.807787, 0.0, 0.0, 0.0, 0.0, 1.0],
                [0.983345, -0.173827, 0.053071, 0.0, -0.110087, -0.802008, -0.587082, 0.272858, 0.144614, 0.571462, -0.807787, 0.0, 0.0, 0.0, 0.0, 1.0],
                [0.983345, -0.173827, 0.053071, 0.0, -0.110087, -0.802007, -0.587082, 0.272858, 0.144614, 0.571462, -0.807786, 0.0, 0.0, 0.0, 0.0, 1.0]
            ]
        },
        {
            "name": "Elbow_R",
            "time": [0.0, 1.0333, 1.3, 1.5, 1.6667, 1.8, 1.9667, 2.2667, 2.5333, 2.6667, 2.8, 2.9333, 3.5333],
            "transform": [
                [-1.0, 0.0, -0.0, 0.0, 0.0, 0.0, -1.0, 0.3, -0.0, -1.0, -0.0, -0.0, 0.0, 0.0, 0.0, 1.0],
                [-1.0, 0.0, -0.0, 0.0, 0.0, -0.0, -1.0, 0.3, -0.0, -1.0, -0.0, 0.0, 0.0, 0.0, 0.0, 1.0],
                [-1.0, 0.0, -0.0, 0.0, 0.0, 0.0, -1.0, 0.3, -0.0, -1.0, -0.0, -0.0, 0.0, 0.0, 0.0, 1.0],
                [-1.0, 0.0, -0.0, 0.0, 0.0, -0.0, -1.0, 0.3, -0.0, -1.0, -0.0, 0.0, 0.0, 0.0, 0.0, 1.0],
                [-1.0, 0.0, -0.0, 0.0, 0.0, 0.0, -1.0, 0.3, -0.0, -1.0, -0.0, -0.0, 0.0, 0.0, 0.0, 1.0],
                [-1.0, 0.0, -0.0, 0.0, 0.0, 0.0, -1.0, 0.3, -0.0, -1.0, -0.0, 0.0, 0.0, 0.0, 0.0, 1.0],
                [-1.0, 0.0, -0.0, -0.0, 0.0, 0.0, -1.0, 0.3, -0.0, -1.0, -0.0, 0.0, 0.0, 0.0, 0.0, 1.0],
                [-1.0, 0.0, -0.0, 0.0, 0.0, -0.0, -1.0, 0.3, -0.0, -1.0, -0.0, 0.0, 0.0, 0.0, 0.0, 1.0],
                [-1.0, 0.0, -0.0, 0.0, 0.0, 0.0, -1.0, 0.3, -0.0, -1.0, -0.0, 0.0, 0.0, 0.0, 0.0, 1.0],
                [-1.0, 0.0, -0.0, 0.0, 0.0, 0.0, -1.0, 0.3, -0.0, -1.0, -0.0, 0.0, 0.0, 0.0, 0.0, 1.0],
                [-1.0, 0.0, -0.0, 0.0, 0.0, -0.0, -1.0, 0.3, -0.0, -1.0, -0.0, 0.0, 0.0, 0.0, 0.0, 1.0],
                [-1.0, 0.0, -0.0, -0.0, 0.0, 0.0, -1.0, 0.3, -0.0, -1.0, -0.0, 0.0, 0.0, 0.0, 0.0, 1.0],
                [-1.0, 0.0, -0.0, 0.0, 0.0, 0.0, -1.0, 0.3, -0.0, -1.0, -0.0, -0.0, 0.0, 0.0, 0.0, 1.0]
            ]
        },
        {
            "name": "Shoulder_L",
            "time": [0.0, 1.0333, 1.3, 1.5, 1.6667, 1.8, 1.9667, 2.2667, 2.5333, 2.6667, 2.8, 2.9333, 3.5333],
            "transform": [
                [0.0906, -0.918964, -0.383793, 0.0, 0.015758, -0.384007, 0.923196, 0.4, -0.995763, -0.089689, -0.02031, 0.0, 0.0, 0.0, 0.0, 1.0],
                [-0.335666, -0.929386, -0.153526, 0.0, 0.326474, -0.26766, 0.906517, 0.4, -0.883597, 0.254164, 0.393265, 0.0, 0.0, 0.0, 0.0, 1.0],
                [-0.307808, -0.938945, -0.15374, 0.0, 0.374361, -0.268072, 0.887689, 0.4, -0.874704, 0.215683, 0.434019, 0.0, 0.0, 0.0, 0.0, 1.0],
                [-0.311825, -0.936183, -0.162252, 0.0, 0.363338, -0.275279, 0.89006, 0.4, -0.877924, 0.21859, 0.42599, 0.0, 0.0, 0.0, 0.0, 1.0],
                [-0.318233, -0.931768, -0.174745, 0.0, 0.343782, -0.285206, 0.894691, 0.4, -0.883483, 0.224646, 0.411087, 0.0, 0.0, 0.0, 0.0, 1.0],
                [-0.323919, -0.927587, -0.18617, 0.0, 0.325348, -0.293992, 0.898731, 0.4, -0.888383, 0.230546, 0.397018, 0.0, 0.0, 0.0, 0.0, 1.0],
                [-0.331179, -0.921793, -0.201539, 0.0, 0.300284, -0.305451, 0.90362, 0.4, -0.894511, 0.238741, 0.377959, 0.0, 0.0, 0.0, 0.0, 1.0],
                [-0.348814, -0.903203, -0.250107, 0.0, 0.225818, -0.340005, 0.912909, 0.4, -0.909579, 0.261957, 0.322558, 0.0, 0.0, 0.0, 0.0, 1.0],
                [-0.357518, -0.891823, -0.277187, 0.0, 0.182137, -0.357689, 0.915906, 0.4, -0.915973, 0.276967, 0.290315, 0.0, 0.0, 0.0, 0.0, 1.0],
                [-0.360554, -0.887455, -0.287097, 0.0, 0.165602, -0.363817, 0.916632, 0.4, -0.91792, 0.282952, 0.27814, 0.0, 0.0, 0.0, 0.0, 1.0],
                [-0.36317, -0.883583, -0.295615, 0.0, 0.150956, -0.368885, 0.917135, 0.4, -0.919412, 0.288451, 0.26735, 0.0, 0.0, 0.0, 0.0, 1.0],
                [-0.320918, -0.892629, -0.316583, -0.0, 0.1185, -0.36948, 0.921652, 0.4, -0.939664, 0.258259, 0.22435, 0.0, 0.0, 0.0, 0.0, 1.0],
                [0.0906, -0.918964, -0.383793, 0.0, 0.015758, -0.384007, 0.923196, 0.4, -0.995763, -0.089689, -0.02031, 0.0, 0.0, 0.0, 0.0, 1.0]
            ]
        },
        {
            "name": "Arm_L",
            "time": [0.0, 1.0333, 1.3, 1.5, 1.6667, 1.8, 1.9667, 2.2667, 2.5333, 2.6667, 2.8, 2.9333, 3.5333],
            "transform": [
                [0.203494, 0.1086, 0.973034, 0.0, -0.836545, 0.535657, 0.115165, 0.39386, -0.508706, -0.837423, 0.199852, -0.0, 0.0, 0.0, 0.0, 1.0],
                [0.248172, 0.290296, 0.924196, 0.0, -0.736189, 0.676613, -0.014842, 0.39386, -0.629632, -0.6767, 0.381629, 0.0, 0.0, 0.0, 0.0, 1.0],
                [0.234095, 0.246441, 0.940461, 0.0, -0.747087, 0.664621, 0.011802, 0.39386, -0.622141, -0.705369, 0.339698, -0.0, 0.0, 0.0, 0.0, 1.0],
                [0.240694, 0.275078, 0.930805, -0.0, -0.742181, 0.670172, -0.006135, 0.39386, -0.625487, -0.689349, 0.365464, 0.0, 0.0, 0.0, 0.0, 1.0],
                [0.224021, 0.200272, 0.953785, -0.0, -0.754183, 0.655475, 0.039505, 0.39386, -0.617271, -0.728178, 0.297882, -0.0, 0.0, 0.0, 0.0, 1.0],
                [0.224318, 0.200333, 0.953702, 0.0, -0.754125, 0.65553, 0.039677, 0.39386, -0.617233, -0.728111, 0.298123, 0.0, 0.0, 0.0, 0.0, 1.0],
                [0.246763, 0.295008, 0.923081, -0.0, -0.737851, 0.674714, -0.018385, 0.39386, -0.628239, -0.676559, 0.384166, 0.0, 0.0, 0.0, 0.0, 1.0],
                [0.244351, 0.28488, 0.926896, -0.0, -0.738957, 0.673642, -0.012237, 0.39386, -0.627882, -0.681946, 0.375119, -0.0, 0.0, 0.0, 0.0, 1.0],
                [0.265485, 0.361973, 0.893584, -0.0, -0.72558, 0.685335, -0.062045, 0.39386, -0.634863, -0.631895, 0.444587, -0.0, 0.0, 0.0, 0.0, 1.0],
                [0.255874, 0.327823, 0.909429, 0.0, -0.731469, 0.680725, -0.039578, 0.39386, -0.632046, -0.655092, 0.413972, -0.0, 0.0, 0.0, 0.0, 1.0],
                [0.274876, 0.392194, 0.877854, 0.0, -0.719703, 0.689348, -0.082621, 0.39386, -0.63755, -0.609083, 0.471749, 0.0, 0.0, 0.0, 0.0, 1.0],
                [0.267004, 0.370469, 0.889641, 0.0, -0.73031, 0.680109, -0.06403, 0.39386, -0.628774, -0.632617, 0.452149, 0.0, 0.0, 0.0, 0.0, 1.0],
                [0.203494, 0.1086, 0.973034, 0.0, -0.836545, 0.535657, 0.115165, 0.39386, -0.508706, -0.837423, 0.199852, -0.0, 0.0, 0.0, 0.0, 1.0]
            ]
        },
        {
            "name": "Hand_L",
            "time": [0.0, 1.0333, 1.3, 1.5, 1.6667, 1.8, 1.9667, 2.2667, 2.5333, 2.6667, 2.8, 2.9333, 3.5333],
            "transform": [
                [0.992412, 0.120127, 0.02624, 0.0, -0.116136, 0.98585, -0.120881, 0.3, -0.04039, 0.116916, 0.99232, -0.0, 0.0, 0.0, 0.0, 1.0],
                [0.973303, -0.174319, -0.149314, -0.0, -0.039007, 0.515446, -0.856034, 0.3, 0.226186, 0.839005, 0.494885, -0.0, 0.0, 0.0, 0.0, 1.0],
                [0.982091, 0.029698, -0.186054, 0.0, -0.108272, 0.897121, -0.428313, 0.3, 0.154193, 0.440787, 0.884269, -0.0, 0.0, 0.0, 0.0, 1.0],
                [0.981967, -0.007816, -0.188891, 0.0, -0.098361, 0.832143, -0.545769, 0.3, 0.161451, 0.554506, 0.816368, -0.0, 0.0, 0.0, 0.0, 1.0],
                [0.982168, 0.07384, -0.172901, 0.0, -0.11658, 0.96069, -0.25196, 0.3, 0.1475, 0.267623, 0.952167, 0.0, 0.0, 0.0, 0.0, 1.0],
                [0.985831, 0.037833, -0.163419, 0.0, -0.069468, 0.978845, -0.192452, 0.3, 0.152681, 0.201078, 0.967604, -0.0, 0.0, 0.0, 0.0, 1.0],
                [0.983063, -0.038943, -0.179082, 0.0, -0.040643, 0.906504, -0.420238, 0.3, 0.178704, 0.420399, 0.889568, 0.0, 0.0, 0.0, 0.0, 1.0],
                [0.989134, 0.046058, -0.139614, 0.0, -0.059731, 0.993648, -0.095379, 0.3, 0.134334, 0.102682, 0.985602, 0.0, 0.0, 0.0, 0.0, 1.0],
                [0.987738, 0.014798, -0.155417, 0.0, -0.050129, 0.972847, -0.225956, 0.3, 0.147853, 0.230976, 0.96166, 0.0, 0.0, 0.0, 0.0, 1.0],
                [0.986802, -0.003263, -0.161897, -0.0, -0.046005, 0.95295, -0.299617, 0.3, 0.155257, 0.303111, 0.940223, -0.0, 0.0, 0.0, 0.0, 1.0],
                [0.986095, -0.017326, -0.165276, 0.0, -0.043812, 0.932261, -0.359125, 0.3, 0.160303, 0.361373, 0.918539, -0.0, 0.0, 0.0, 0.0, 1.0],
                [0.987452, -0.022706, -0.156281, 0.0, -0.043182, 0.913073, -0.405503, 0.3, 0.151903, 0.407163, 0.900635, -0.0, 0.0, 0.0, 0.0, 1.0],
                [0.992412, 0.120127, 0.02624, 0.0, -0.116136, 0.98585, -0.120881, 0.3, -0.04039, 0.116916, 0.99232, -0.0, 0.0, 0.0, 0.0, 1.0]
            ]
        },
        {
            "name": "Tool_L",
            "time": [0.0, 1.0333, 1.3, 1.5, 1.6667, 1.8, 1.9667, 2.2667, 2.5333, 2.6667, 2.8, 2.9333, 3.5333],
            "transform": [
                [0.997004, 0.01104, -0.076554, 0.0, -0.036659, -0.804079, -0.593391, 0.272858, -0.068107, 0.59442, -0.801265, -0.0, 0.0, 0.0, 0.0, 1.0],
                [0.997004, 0.01104, -0.076554, 0.0, -0.036659, -0.804079, -0.593392, 0.272858, -0.068107, 0.59442, -0.801266, -0.0, 0.0, 0.0, 0.0, 1.0],
                [0.997004, 0.01104, -0.076554, -0.0, -0.036659, -0.804079, -0.593391, 0.272858, -0.068107, 0.59442, -0.801266, -0.0, 0.0, 0.0, 0.0, 1.0],
                [0.997004, 0.01104, -0.076554, 0.0, -0.036659, -0.804079, -0.593391, 0.272858, -0.068107, 0.59442, -0.801265, -0.0, 0.0, 0.0, 0.0, 1.0],
                [0.997004, 0.01104, -0.076554, -0.0, -0.036659, -0.804079, -0.593391, 0.272858, -0.068107, 0.59442, -0.801266, -0.0, 0.0, 0.0, 0.0, 1.0],
                [0.997004, 0.01104, -0.076554, 0.0, -0.036659, -0.804079, -0.593391, 0.272858, -0.068107, 0.59442, -0.801265, -0.0, 0.0, 0.0, 0.0, 1.0],
                [0.997004, 0.01104, -0.076554, 0.0, -0.036659, -0.804079, -0.593391, 0.272858, -0.068107, 0.59442, -0.801265, -0.0, 0.0, 0.0, 0.0, 1.0],
                [0.997004, 0.01104, -0.076554, -0.0, -0.036659, -0.804079, -0.593391, 0.272858, -0.068107, 0.59442, -0.801266, -0.0, 0.0, 0.0, 0.0, 1.0],
                [0.997004, 0.01104, -0.076554, -0.0, -0.036659, -0.804079, -0.593391, 0.272858, -0.068107, 0.59442, -0.801266, -0.0, 0.0, 0.0, 0.0, 1.0],
                [0.997004, 0.01104, -0.076554, -0.0, -0.036659, -0.804079, -0.593391, 0.272858, -0.068107, 0.59442, -0.801266, -0.0, 0.0, 0.0, 0.0, 1.0],
                [0.997004, 0.01104, -0.076554, -0.0, -0.036659, -0.804079, -0.593391, 0.272858, -0.068107, 0.59442, -0.801265, -0.0, 0.0, 0.0, 0.0, 1.0],
                [0.997004, 0.01104, -0.076554, -0.0, -0.036659, -0.804079, -0.593391, 0.272858, -0.068106, 0.59442, -0.801265, -0.0, 0.0, 0.0, 0.0, 1.0],
                [0.997004, 0.01104, -0.076554, 0.0, -0.036659, -0.804079, -0.593391, 0.272858, -0.068107, 0.59442, -0.801265, -0.0, 0.0, 0.0, 0.0, 1.0]
            ]
        },
        {
            "name": "Elbow_L",
            "time": [0.0, 1.0333, 1.3, 1.5, 1.6667, 1.8, 1.9667, 2.2667, 2.5333, 2.6667, 2.8, 2.9333, 3.5333],
            "transform": [
                [-1.0, 0.0, -0.0, -0.008123, 0.0, -0.0, -1.0, 0.463316, -0.0, -1.0, 0.0, -9.4e-05, 0.0, 0.0, 0.0, 1.0],
                [-1.0, 0.0, -0.0, -0.008123, 0.0, -0.0, -1.0, 0.463316, -0.0, -1.0, -0.0, -9.4e-05, 0.0, 0.0, 0.0, 1.0],
                [-1.0, 0.0, -0.0, -0.008123, 0.0, -0.0, -1.0, 0.463316, -0.0, -1.0, 0.0, -9.4e-05, 0.0, 0.0, 0.0, 1.0],
                [-1.0, 0.0, -0.0, -0.008123, 0.0, -0.0, -1.0, 0.463316, -0.0, -1.0, -0.0, -9.4e-05, 0.0, 0.0, 0.0, 1.0],
                [-1.0, 0.0, -0.0, -0.008123, 0.0, -0.0, -1.0, 0.463316, -0.0, -1.0, -0.0, -9.4e-05, 0.0, 0.0, 0.0, 1.0],
                [-1.0, 0.0, -0.0, -0.008123, 0.0, -0.0, -1.0, 0.463316, -0.0, -1.0, 0.0, -9.4e-05, 0.0, 0.0, 0.0, 1.0],
                [-1.0, 0.0, -0.0, -0.008123, 0.0, -0.0, -1.0, 0.463316, -0.0, -1.0, 0.0, -9.4e-05, 0.0, 0.0, 0.0, 1.0],
                [-1.0, 0.0, -0.0, -0.008123, 0.0, -0.0, -1.0, 0.463316, -0.0, -1.0, -0.0, -9.4e-05, 0.0, 0.0, 0.0, 1.0],
                [-1.0, 0.0, -0.0, -0.008123, 0.0, -0.0, -1.0, 0.463316, -0.0, -1.0, -0.0, -9.4e-05, 0.0, 0.0, 0.0, 1.0],
                [-1.0, 0.0, -0.0, -0.008123, 0.0, 0.0, -1.0, 0.463316, -0.0, -1.0, -0.0, -9.4e-05, 0.0, 0.0, 0.0, 1.0],
                [-1.0, 0.0, -0.0, -0.008123, 0.0, -0.0, -1.0, 0.463316, -0.0, -1.0, -0.0, -9.4e-05, 0.0, 0.0, 0.0, 1.0],
                [-1.0, 0.0, -0.0, -0.008123, 0.0, -0.0, -1.0, 0.463316, -0.0, -1.0, 0.0, -9.4e-05, 0.0, 0.0, 0.0, 1.0],
