{
    "animation": [
        {
            "name": "Root",
            "time": [0.0, 0.4167, 0.6167, 0.8333, 1.1667, 1.25, 2.1167, 2.6333, 3.1833],
            "transform": [
                [0.854689, 0.0, -0.51914, -5e-06, -0.51914, 0.0, -0.854689, 0.000946, 0.0, 1.0, 0.0, 0.755725, 0.0, 0.0, 0.0, 1.0],
                [0.854689, 0.0, -0.51914, 0.000906, -0.51914, 0.0, -0.854689, 0.100939, 0.0, 1.0, 0.0, 0.754897, 0.0, 0.0, 0.0, 1.0],
                [0.854689, 0.0, -0.51914, 0.000906, -0.51914, 0.0, -0.854689, 0.100939, 0.0, 1.0, 0.0, 0.754897, 0.0, 0.0, 0.0, 1.0],
                [0.854689, 0.0, -0.51914, 0.004549, -0.51914, 0.0, -0.854689, 0.500908, 0.0, 1.0, 0.0, 0.751586, 0.0, 0.0, 0.0, 1.0],
                [0.854689, 0.0, -0.51914, 0.005459, -0.51914, 0.0, -0.854689, 0.600901, 0.0, 1.0, 0.0, 0.750759, 0.0, 0.0, 0.0, 1.0],
                [0.854689, 0.0, -0.51914, 0.00637, -0.51914, 0.0, -0.854689, 0.700893, 0.0, 1.0, 0.0, 0.749931, 0.0, 0.0, 0.0, 1.0],
                [0.854689, 0.0, -0.51914, 0.00637, -0.51914, 0.0, -0.854689, 0.700893, 0.0, 1.0, 0.0, 0.749931, 0.0, 0.0, 0.0, 1.0],
                [0.854689, 0.0, -0.51914, 0.00637, -0.51914, 0.0, -0.854689, 0.700893, 0.0, 1.0, 0.0, 0.749931, 0.0, 0.0, 0.0, 1.0],
                [0.854689, 0.0, -0.51914, 0.007281, -0.51914, 0.0, -0.854689, 0.800886, 0.0, 1.0, 0.0, 0.749104, 0.0, 0.0, 0.0, 1.0]
            ]
        },
        {
            "name": "Thigh_R",
            "time": [0.0, 0.4167, 0.8333, 1.1667, 1.25, 2.1167, 2.6333, 3.1833],
            "transform": [
                [0.962765, 0.059156, -0.263788, 0.089257, 0.106329, -0.979981, 0.168307, -0.001866, -0.248551, -0.190088, -0.949784, -0.059943, 0.0, 0.0, 0.0, 1.0],
                [0.962765, 0.059156, -0.263788, 0.089257, 0.106329, -0.979981, 0.168307, -0.001866, -0.248551, -0.190088, -0.949784, -0.059943, 0.0, 0.0, 0.0, 1.0],
                [0.977655, -0.140846, -0.156054, 0.089257, 0.044134, -0.588283, 0.807449, -0.001866, -0.20553, -0.796292, -0.568923, -0.059943, 0.0, 0.0, 0.0, 1.0],
                [0.966183, -0.02531, -0.256612, 0.089257, 0.139701, -0.785081, 0.603431, -0.001866, -0.216734, -0.618872, -0.754998, -0.059943, 0.0, 0.0, 0.0, 1.0],
                [0.953915, 0.048276, -0.296167, 0.089257, 0.18886, -0.863563, 0.467533, -0.001866, -0.233189, -0.50192, -0.832886, -0.059943, 0.0, 0.0, 0.0, 1.0],
                [0.953915, 0.048276, -0.296167, 0.089257, 0.18886, -0.863563, 0.467533, -0.001866, -0.233189, -0.50192, -0.832886, -0.059943, 0.0, 0.0, 0.0, 1.0],
                [0.953915, 0.048276, -0.296167, 0.089257, 0.18886, -0.863563, 0.467533, -0.001866, -0.233189, -0.50192, -0.832886, -0.059943, 0.0, 0.0, 0.0, 1.0],
                [0.962765, 0.059156, -0.263788, 0.089257, 0.106329, -0.979981, 0.168307, -0.001866, -0.248551, -0.190088, -0.949784, -0.059943, 0.0, 0.0, 0.0, 1.0]
            ]
        },
        {
            "name": "Leg_R",
            "time": [0.0, 0.4167, 0.8333, 1.1667, 1.25, 2.1167, 2.6333, 3.1833],
            "transform": [
                [1.0, -0.0, 2e-06, 0.0, -0.0, 0.966099, 0.258173, 0.37472, -2e-06, -0.258173, 0.966098, 0.0, 0.0, 0.0, 0.0, 1.0],
                [0.996212, 0.086919, 0.002567, 0.0, -0.075291, 0.847419, 0.525559, 0.37472, 0.043506, -0.523763, 0.850752, 0.0, 0.0, 0.0, 0.0, 1.0],
                [0.996212, 0.086919, 0.002567, 0.0, -0.075291, 0.847419, 0.52556, 0.37472, 0.043506, -0.523763, 0.850752, -0.0, 0.0, 0.0, 0.0, 1.0],
                [0.996212, 0.086919, 0.002567, 0.0, -0.075291, 0.847419, 0.525559, 0.37472, 0.043506, -0.523763, 0.850752, 0.0, 0.0, 0.0, 0.0, 1.0],
                [0.996212, 0.086919, 0.002567, -0.0, -0.075291, 0.847419, 0.52556, 0.37472, 0.043506, -0.523763, 0.850752, -0.0, 0.0, 0.0, 0.0, 1.0],
                [0.996212, 0.086919, 0.002567, -0.0, -0.075291, 0.847419, 0.52556, 0.37472, 0.043506, -0.523763, 0.850752, -0.0, 0.0, 0.0, 0.0, 1.0],
                [0.996212, 0.086919, 0.002567, -0.0, -0.075291, 0.847419, 0.52556, 0.37472, 0.043506, -0.523763, 0.850752, -0.0, 0.0, 0.0, 0.0, 1.0],
                [1.0, -0.0, 2e-06, -0.0, -0.0, 0.966099, 0.258173, 0.37472, -2e-06, -0.258173, 0.966098, -0.0, 0.0, 0.0, 0.0, 1.0]
            ]
        },
        {
            "name": "Knee_R",
            "time": [0.0, 0.4167, 0.8333, 1.1667, 1.25, 2.1167, 2.6333, 3.1833],
            "transform": [
                [1.0, 0.0, -0.0, 0.0, -0.0, 0.0, -1.0, 0.37472, -0.0, 1.0, 0.0, 0.0, 0.0, 0.0, 0.0, 1.0],
                [1.0, 0.0, -0.0, 0.0, -0.0, 0.0, -1.0, 0.37472, -0.0, 1.0, 0.0, 0.0, 0.0, 0.0, 0.0, 1.0],
                [1.0, 0.0, -0.0, 0.0, -0.0, 0.0, -1.0, 0.37472, -0.0, 1.0, 0.0, -0.0, 0.0, 0.0, 0.0, 1.0],
                [1.0, 0.0, -0.0, 0.0, -0.0, 0.0, -1.0, 0.37472, -0.0, 1.0, 0.0, 0.0, 0.0, 0.0, 0.0, 1.0],
                [1.0, 0.0, -1e-06, -0.0, -0.0, 0.0, -1.0, 0.37472, -0.0, 1.0, 0.0, -0.0, 0.0, 0.0, 0.0, 1.0],
                [1.0, 0.0, -1e-06, -0.0, -0.0, 0.0, -1.0, 0.37472, -0.0, 1.0, 0.0, -0.0, 0.0, 0.0, 0.0, 1.0],
                [1.0, 0.0, -1e-06, -0.0, -0.0, 0.0, -1.0, 0.37472, -0.0, 1.0, 0.0, -0.0, 0.0, 0.0, 0.0, 1.0],
                [1.0, 0.0, -0.0, -0.0, -0.0, 0.0, -1.0, 0.37472, -0.0, 1.0, 0.0, -0.0, 0.0, 0.0, 0.0, 1.0]
            ]
        },
        {
            "name": "Thigh_L",
            "time": [0.0, 0.4167, 0.8333, 1.1667, 1.6833, 2.6333, 3.1833],
            "transform": [
                [0.824801, -0.137797, -0.548374, -0.125062, -0.073024, -0.987687, 0.138355, -0.004375, -0.560687, -0.074071, -0.824708, -0.000235, 0.0, 0.0, 0.0, 1.0],
                [0.833663, -0.344527, -0.431632, -0.125062, -0.012378, -0.793016, 0.609074, -0.004375, -0.552133, -0.502421, -0.665373, -0.000235, 0.0, 0.0, 0.0, 1.0],
                [0.856794, -0.02429, -0.515086, -0.125062, -0.030056, -0.999544, -0.00286, -0.004375, -0.514781, 0.017932, -0.857133, -0.000236, 0.0, 0.0, 0.0, 1.0],
                [0.865545, 0.09377, -0.491974, -0.125062, -0.028953, -0.971305, -0.236068, -0.004375, -0.499993, 0.218572, -0.837993, -0.000236, 0.0, 0.0, 0.0, 1.0],
                [0.836697, -0.264461, -0.479581, -0.125062, -0.183268, -0.9604, 0.209866, -0.004375, -0.516091, -0.087702, -0.852031, -0.000236, 0.0, 0.0, 0.0, 1.0],
                [0.836697, -0.264461, -0.479581, -0.125062, -0.183268, -0.9604, 0.209866, -0.004375, -0.516091, -0.087702, -0.852031, -0.000236, 0.0, 0.0, 0.0, 1.0],
                [0.824801, -0.137797, -0.548374, -0.125062, -0.073024, -0.987687, 0.138355, -0.004375, -0.560687, -0.074071, -0.824708, -0.000236, 0.0, 0.0, 0.0, 1.0]
            ]
        },
        {
            "name": "Leg_L",
            "time": [0.0, 0.4167, 0.8333, 1.1667, 1.6833, 2.6333, 3.1833],
            "transform": [
                [1.0, -0.0, 1e-06, 0.0, 0.0, 0.984973, 0.172708, 0.37472, -1e-06, -0.172708, 0.984973, -0.0, 0.0, 0.0, 0.0, 1.0],
                [1.0, -0.0, 1e-06, 0.0, 0.0, 0.984973, 0.172708, 0.37472, -1e-06, -0.172708, 0.984973, -0.0, 0.0, 0.0, 0.0, 1.0],
                [0.999813, 0.018848, 0.004444, 0.0, -0.018998, 0.910199, 0.413734, 0.37472, 0.003754, -0.413741, 0.910387, -0.0, 0.0, 0.0, 0.0, 1.0],
                [0.999813, 0.018848, 0.004444, -0.0, -0.018998, 0.910199, 0.413734, 0.37472, 0.003754, -0.413741, 0.910387, 0.0, 0.0, 0.0, 0.0, 1.0],
                [0.998966, 0.043393, 0.013581, -0.0, -0.04546, 0.947337, 0.316993, 0.37472, 0.00089, -0.317282, 0.948331, -0.0, 0.0, 0.0, 0.0, 1.0],
                [0.998966, 0.043393, 0.013581, -0.0, -0.04546, 0.947337, 0.316993, 0.37472, 0.00089, -0.317282, 0.948331, -0.0, 0.0, 0.0, 0.0, 1.0],
                [1.0, -0.0, 1e-06, -0.0, 0.0, 0.984973, 0.172708, 0.37472, -1e-06, -0.172708, 0.984973, 0.0, 0.0, 0.0, 0.0, 1.0]
            ]
        },
        {
            "name": "Knee_L",
            "time": [0.0, 0.4167, 0.8333, 1.1667, 1.25, 2.1167, 2.6333, 3.1833],
            "transform": [
                [1.0, 0.0, -0.0, 0.0, -0.0, 0.0, -1.0, 0.37472, -0.0, 1.0, 0.0, -0.0, 0.0, 0.0, 0.0, 1.0],
                [1.0, 0.0, -0.0, 0.0, -0.0, 0.0, -1.0, 0.37472, -0.0, 1.0, 0.0, -0.0, 0.0, 0.0, 0.0, 1.0],
                [1.0, 0.0, -0.0, 0.0, -0.0, 0.0, -1.0, 0.37472, -0.0, 1.0, 0.0, -0.0, 0.0, 0.0, 0.0, 1.0],
                [1.0, 0.0, -0.0, -0.0, -0.0, 0.0, -1.0, 0.37472, -0.0, 1.0, 0.0, 0.0, 0.0, 0.0, 0.0, 1.0],
                [1.0, 0.0, -0.0, 0.0, -0.0, 0.0, -1.0, 0.37472, -0.0, 1.0, 0.0, 0.0, 0.0, 0.0, 0.0, 1.0],
                [1.0, 0.0, -0.0, -0.0, -0.0, 0.0, -1.0, 0.37472, -0.0, 1.0, 0.0, -0.0, 0.0, 0.0, 0.0, 1.0],
                [1.0, 0.0, -0.0, -0.0, -0.0, 0.0, -1.0, 0.37472, -0.0, 1.0, 0.0, -0.0, 0.0, 0.0, 0.0, 1.0],
                [1.0, 0.0, -0.0, -0.0, -0.0, 0.0, -1.0, 0.37472, -0.0, 1.0, 0.0, 0.0, 0.0, 0.0, 0.0, 1.0]
            ]
        },
        {
            "name": "Torso",
            "time": [0.0, 0.4167, 0.8333, 1.1667, 1.25, 1.3667, 2.2667, 2.6333, 3.1833],
            "transform": [
                [0.941706, -0.027332, 0.335325, -0.0, 0.020667, 0.999512, 0.023431, 0.05, -0.335802, -0.015135, 0.941811, 0.0, 0.0, 0.0, 0.0, 1.0],
                [0.941706, -0.027332, 0.335325, 0.0, 0.020667, 0.999512, 0.023431, 0.05, -0.335802, -0.015135, 0.941811, 0.0, 0.0, 0.0, 0.0, 1.0],
                [0.941634, -0.085152, 0.325691, -0.0, 0.054043, 0.993169, 0.103417, 0.05, -0.332272, -0.07978, 0.939804, 0.0, 0.0, 0.0, 0.0, 1.0],
                [0.9454, -0.092873, 0.3124, -0.0, 0.05164, 0.989116, 0.137777, 0.05, -0.321795, -0.114122, 0.939906, -0.0, 0.0, 0.0, 0.0, 1.0],
                [0.9454, -0.092873, 0.3124, -0.0, 0.05164, 0.989116, 0.137777, 0.05, -0.321795, -0.114122, 0.939906, 0.0, 0.0, 0.0, 0.0, 1.0],
                [0.98777, -0.069016, 0.139809, -0.0, 0.050783, 0.99021, 0.130022, 0.05, -0.147413, -0.121332, 0.981605, 0.0, 0.0, 0.0, 0.0, 1.0],
                [0.998318, -0.044253, -0.03747, -0.0, 0.04854, 0.991275, 0.122544, 0.05, 0.03172, -0.124157, 0.991755, 0.0, 0.0, 0.0, 0.0, 1.0],
                [0.998318, -0.044253, -0.03747, -0.0, 0.04854, 0.991275, 0.122544, 0.05, 0.03172, -0.124157, 0.991755, 0.0, 0.0, 0.0, 0.0, 1.0],
                [0.941706, -0.027332, 0.335325, 0.0, 0.020667, 0.999512, 0.023431, 0.05, -0.335802, -0.015135, 0.941811, -0.0, 0.0, 0.0, 0.0, 1.0]
            ]
        },
        {
            "name": "Chest",
            "time": [0.0, 0.4167, 0.8333, 1.1667, 1.25, 1.3667, 2.2667, 2.6333, 3.1833],
            "transform": [
                [0.968895, -0.024275, 0.246277, -0.0, 0.031899, 0.999126, -0.027014, 0.3, -0.245406, 0.03403, 0.968823, 0.0, 0.0, 0.0, 0.0, 1.0],
                [0.968895, -0.024275, 0.246277, -0.0, 0.031899, 0.999126, -0.027014, 0.3, -0.245406, 0.03403, 0.968823, 0.0, 0.0, 0.0, 0.0, 1.0],
                [0.954058, 0.028456, 0.298268, 0.0, 0.068772, 0.948105, -0.31043, 0.3, -0.291623, 0.316681, 0.902591, -0.0, 0.0, 0.0, 0.0, 1.0],
                [0.954058, 0.028456, 0.298268, 0.0, 0.068772, 0.948105, -0.31043, 0.3, -0.291623, 0.316681, 0.902591, 0.0, 0.0, 0.0, 0.0, 1.0],
                [0.954058, 0.028456, 0.298268, -0.0, 0.068772, 0.948105, -0.31043, 0.3, -0.291623, 0.316681, 0.902591, 0.0, 0.0, 0.0, 0.0, 1.0],
                [0.954058, 0.028456, 0.298268, 0.0, 0.068772, 0.948105, -0.31043, 0.3, -0.291623, 0.316681, 0.902591, 0.0, 0.0, 0.0, 0.0, 1.0],
                [0.954058, 0.028456, 0.298268, -0.0, 0.068772, 0.948105, -0.31043, 0.3, -0.291623, 0.316681, 0.902591, -0.0, 0.0, 0.0, 0.0, 1.0],
                [0.954058, 0.028456, 0.298268, -0.0, 0.068772, 0.948105, -0.31043, 0.3, -0.291623, 0.316681, 0.902591, -0.0, 0.0, 0.0, 0.0, 1.0],
                [0.968895, -0.024275, 0.246277, -0.0, 0.031899, 0.999126, -0.027014, 0.3, -0.245406, 0.03403, 0.968823, 0.0, 0.0, 0.0, 0.0, 1.0]
            ]
        },
        {
            "name": "Head",
            "time": [0.0, 0.4167, 0.8333, 1.1667, 1.25, 2.1, 2.3333, 2.4833, 2.6333, 2.8167, 2.9833, 3.1833],
            "transform": [
                [0.998851, 0.001677, -0.047891, 0.0, 0.001741, 0.997457, 0.071244, 0.4, 0.047889, -0.071245, 0.996309, 0.0, 0.0, 0.0, 0.0, 1.0],
                [0.998851, 0.001677, -0.047891, -0.0, 0.001741, 0.997457, 0.071244, 0.4, 0.047889, -0.071245, 0.996309, -0.0, 0.0, 0.0, 0.0, 1.0],
                [0.998851, 0.001677, -0.047891, 0.0, 0.001741, 0.997457, 0.071244, 0.4, 0.047889, -0.071245, 0.996309, 0.0, 0.0, 0.0, 0.0, 1.0],
                [0.998851, 0.001677, -0.047891, 0.0, 0.001741, 0.997457, 0.071244, 0.4, 0.047889, -0.071245, 0.996309, 0.0, 0.0, 0.0, 0.0, 1.0],
                [0.998851, 0.001677, -0.047891, -0.0, 0.001741, 0.997457, 0.071244, 0.4, 0.047889, -0.071245, 0.996309, -0.0, 0.0, 0.0, 0.0, 1.0],
                [0.998851, 0.001677, -0.047891, -0.0, 0.001741, 0.997457, 0.071244, 0.4, 0.047889, -0.071245, 0.996308, 0.0, 0.0, 0.0, 0.0, 1.0],
                [0.80562, -0.057795, -0.589607, -0.0, 0.081405, 0.996589, 0.013541, 0.4, 0.586814, -0.058906, 0.807576, -0.0, 0.0, 0.0, 0.0, 1.0],
                [0.80562, -0.057795, -0.589607, -0.0, 0.081405, 0.996589, 0.013541, 0.4, 0.586814, -0.058906, 0.807576, -0.0, 0.0, 0.0, 0.0, 1.0],
                [0.984038, 0.008324, -0.17776, -0.0, -0.00391, 0.999675, 0.02517, 0.4, 0.177912, -0.024073, 0.983752, -0.0, 0.0, 0.0, 0.0, 1.0],
                [0.894076, 0.111308, 0.433865, -0.0, -0.113115, 0.993344, -0.021741, 0.4, -0.433397, -0.029638, 0.900716, -0.0, 0.0, 0.0, 0.0, 1.0],
                [0.894076, 0.111308, 0.433865, 0.0, -0.113115, 0.993344, -0.021741, 0.4, -0.433397, -0.029638, 0.900716, 0.0, 0.0, 0.0, 0.0, 1.0],
                [0.998851, 0.001677, -0.047891, 0.0, 0.001741, 0.997457, 0.071244, 0.4, 0.047889, -0.071245, 0.996309, -0.0, 0.0, 0.0, 0.0, 1.0]
            ]
        },
        {
            "name": "Shoulder_R",
            "time": [0.0, 0.4167, 0.8333, 0.9, 1.1667, 1.25, 2.1167, 2.6333, 3.1833],
            "transform": [
                [-0.231826, 0.900538, 0.367815, 0.0, -0.035997, -0.385799, 0.92188, 0.4, 0.972091, 0.200476, 0.121855, 0.0, 0.0, 0.0, 0.0, 1.0],
                [-0.231826, 0.900538, 0.367815, -0.0, -0.035997, -0.385799, 0.92188, 0.4, 0.972091, 0.200476, 0.121855, -0.0, 0.0, 0.0, 0.0, 1.0],
                [-0.231826, 0.900538, 0.367815, 0.0, -0.035997, -0.385799, 0.92188, 0.4, 0.972091, 0.200476, 0.121855, 0.0, 0.0, 0.0, 0.0, 1.0],
                [-0.231826, 0.900538, 0.367815, 0.0, -0.035997, -0.385799, 0.92188, 0.4, 0.972091, 0.200476, 0.121855, 0.0, 0.0, 0.0, 0.0, 1.0],
                [-0.231826, 0.900538, 0.367815, 0.0, -0.035997, -0.385799, 0.92188, 0.4, 0.972091, 0.200476, 0.121855, 0.0, 0.0, 0.0, 0.0, 1.0],
                [-0.231826, 0.900538, 0.367815, -0.0, -0.035997, -0.385799, 0.92188, 0.4, 0.972091, 0.200476, 0.121855, -0.0, 0.0, 0.0, 0.0, 1.0],
                [-0.231826, 0.900538, 0.367815, -0.0, -0.035997, -0.385799, 0.92188, 0.4, 0.972091, 0.200476, 0.121855, -0.0, 0.0, 0.0, 0.0, 1.0],
                [-0.259091, 0.918021, 0.30018, -0.0, -0.021599, -0.316222, 0.948439, 0.4, 0.965611, 0.239249, 0.101758, -0.0, 0.0, 0.0, 0.0, 1.0],
                [-0.231826, 0.900538, 0.367815, 0.0, -0.035997, -0.385799, 0.92188, 0.4, 0.972091, 0.200476, 0.121855, -0.0, 0.0, 0.0, 0.0, 1.0]
            ]
        },
        {
            "name": "Arm_R",
            "time": [0.0, 0.4167, 0.8333, 0.9, 1.1667, 1.25, 2.1167, 2.6333, 3.1833],
            "transform": [
                [0.166726, -0.073855, -0.983233, 0.0, 0.854041, 0.509172, 0.106573, 0.39386, 0.492764, -0.85749, 0.147968, 0.0, 0.0, 0.0, 0.0, 1.0],
                [0.297252, -0.022471, -0.954534, 0.0, 0.680785, 0.705944, 0.195384, 0.39386, 0.669457, -0.707911, 0.225142, 0.0, 0.0, 0.0, 0.0, 1.0],
                [0.505398, 0.208834, -0.837234, -0.0, 0.094711, 0.950984, 0.294379, 0.39386, 0.857673, -0.228074, 0.460847, 0.0, 0.0, 0.0, 0.0, 1.0],
                [0.507531, 0.21426, -0.834569, -0.0, 0.082367, 0.952089, 0.294521, 0.393861, 0.857688, -0.21822, 0.465567, 0.0, 0.0, 0.0, 0.0, 1.0],
                [0.507531, 0.21426, -0.834569, 0.0, 0.082367, 0.952089, 0.294521, 0.393861, 0.857688, -0.21822, 0.465567, -0.0, 0.0, 0.0, 0.0, 1.0],
                [0.507531, 0.21426, -0.834569, -0.0, 0.082367, 0.952089, 0.294521, 0.393861, 0.857688, -0.21822, 0.465567, 0.0, 0.0, 0.0, 0.0, 1.0],
                [0.507531, 0.21426, -0.834569, 0.0, 0.082367, 0.952089, 0.294521, 0.39386, 0.857688, -0.21822, 0.465567, 0.0, 0.0, 0.0, 0.0, 1.0],
                [0.386743, 0.092979, -0.917489, 0.0, -0.129533, 0.990518, 0.045779, 0.393861, 0.913045, 0.101141, 0.395119, -0.0, 0.0, 0.0, 0.0, 1.0],
                [0.166726, -0.073855, -0.983233, -0.0, 0.854041, 0.509172, 0.106573, 0.39386, 0.492764, -0.85749, 0.147968, 0.0, 0.0, 0.0, 0.0, 1.0]
            ]
        },
        {
            "name": "Hand_R",
            "time": [0.0, 0.4167, 0.8333, 0.9, 1.1667, 1.25, 2.1167, 2.6333, 3.1833],
            "transform": [
                [0.98546, -0.169495, -0.011855, 0.0, 0.168151, 0.982899, -0.07506, 0.3, 0.024375, 0.071976, 0.997109, -0.0, 0.0, 0.0, 0.0, 1.0],
                [0.937444, -0.1302, 0.322874, -0.0, 0.175412, 0.977754, -0.115013, 0.3, -0.300716, 0.164454, 0.939428, 0.0, 0.0, 0.0, 0.0, 1.0],
                [0.431698, 0.063457, 0.899783, 0.0, 0.238787, 0.953895, -0.181839, 0.3, -0.869838, 0.293356, 0.396641, -0.0, 0.0, 0.0, 0.0, 1.0],
                [0.418534, 0.067816, 0.905666, 0.0, 0.240396, 0.953368, -0.182482, 0.3, -0.875808, 0.294093, 0.382714, 0.0, 0.0, 0.0, 0.0, 1.0],
                [0.418534, 0.067816, 0.905666, 0.0, 0.240396, 0.953368, -0.182482, 0.3, -0.875808, 0.294093, 0.382714, 0.0, 0.0, 0.0, 0.0, 1.0],
                [0.418534, 0.067816, 0.905666, 0.0, 0.240396, 0.953368, -0.182482, 0.3, -0.875808, 0.294093, 0.382714, 0.0, 0.0, 0.0, 0.0, 1.0],
                [0.418534, 0.067816, 0.905666, -0.0, 0.240396, 0.953368, -0.182482, 0.3, -0.875808, 0.294093, 0.382714, 0.0, 0.0, 0.0, 0.0, 1.0],
                [0.418534, 0.067816, 0.905666, 0.0, 0.240396, 0.953368, -0.182481, 0.3, -0.875808, 0.294093, 0.382714, -0.0, 0.0, 0.0, 0.0, 1.0],
                [0.98546, -0.169495, -0.011855, 0.0, 0.168151, 0.982899, -0.07506, 0.3, 0.024375, 0.071976, 0.997109, 0.0, 0.0, 0.0, 0.0, 1.0]
            ]
        },
        {
            "name": "Tool_R",
            "time": [0.0, 0.4167, 0.8333, 1.1667, 1.25, 2.1167, 2.6333, 3.1833],
            "transform": [
                [0.983345, -0.173827, 0.053071, 0.0, -0.110087, -0.802007, -0.587082, 0.272858, 0.144614, 0.571462, -0.807786, 0.0, 0.0, 0.0, 0.0, 1.0],
                [0.983345, -0.173827, 0.053071, 0.0, -0.110087, -0.802007, -0.587082, 0.272858, 0.144614, 0.571462, -0.807786, 0.0, 0.0, 0.0, 0.0, 1.0],
                [0.983345, -0.173827, 0.053071, 0.0, -0.110087, -0.802008, -0.587082, 0.272858, 0.144614, 0.571462, -0.807787, -0.0, 0.0, 0.0, 0.0, 1.0],
                [0.983345, -0.173827, 0.053071, -0.0, -0.110087, -0.802007, -0.587082, 0.272858, 0.144614, 0.571462, -0.807786, -0.0, 0.0, 0.0, 0.0, 1.0],
                [0.983345, -0.173827, 0.053071, 0.0, -0.110087, -0.802007, -0.587082, 0.272858, 0.144614, 0.571462, -0.807786, 0.0, 0.0, 0.0, 0.0, 1.0],
                [0.983345, -0.173827, 0.053071, 0.0, -0.110087, -0.802008, -0.587082, 0.272858, 0.144614, 0.571462, -0.807786, 0.0, 0.0, 0.0, 0.0, 1.0],
                [0.983345, -0.173827, 0.053071, 0.0, -0.110087, -0.802007, -0.587082, 0.272858, 0.144614, 0.571462, -0.807786, 0.0, 0.0, 0.0, 0.0, 1.0],
                [0.983345, -0.173827, 0.053071, 0.0, -0.110087, -0.802007, -0.587082, 0.272858, 0.144614, 0.571462, -0.807786, -0.0, 0.0, 0.0, 0.0, 1.0]
            ]
        },
        {
            "name": "Elbow_R",
            "time": [0.0, 0.4167, 0.8333, 1.1667, 1.25, 2.1167, 2.6333, 3.1833],
            "transform": [
                [-1.0, 0.0, -0.0, 0.0, 0.0, 0.0, -1.0, 0.3, -0.0, -1.0, -0.0, -0.0, 0.0, 0.0, 0.0, 1.0],
                [-1.0, 0.0, -0.0, -0.0, 0.0, 0.0, -1.0, 0.3, -0.0, -1.0, 0.0, 0.0, 0.0, 0.0, 0.0, 1.0],
                [-1.0, 0.0, 0.0, 0.0, 0.0, -0.0, -1.0, 0.3, -0.0, -1.0, 0.0, -0.0, 0.0, 0.0, 0.0, 1.0],
                [-1.0, 0.0, 0.0, 0.0, 0.0, 0.0, -1.0, 0.3, -0.0, -1.0, 0.0, 0.0, 0.0, 0.0, 0.0, 1.0],
                [-1.0, 0.0, 0.0, 0.0, 0.0, 0.0, -1.0, 0.3, -0.0, -1.0, 0.0, 0.0, 0.0, 0.0, 0.0, 1.0],
                [-1.0, 0.0, -0.0, -0.0, 0.0, 0.0, -1.0, 0.3, -0.0, -1.0, 0.0, 0.0, 0.0, 0.0, 0.0, 1.0],
                [-1.0, 0.0, -0.0, 0.0, 0.0, -0.0, -1.0, 0.3, -0.0, -1.0, -0.0, -0.0, 0.0, 0.0, 0.0, 1.0],
                [-1.0, 0.0, -0.0, 0.0, 0.0, 0.0, -1.0, 0.3, -0.0, -1.0, -0.0, 0.0, 0.0, 0.0, 0.0, 1.0]
            ]
        },
        {
            "name": "Shoulder_L",
            "time": [0.0, 0.4167, 0.8333, 1.1667, 1.25, 2.1167, 2.6333, 3.1833],
            "transform": [
                [0.0906, -0.918964, -0.383793, 0.0, 0.015758, -0.384007, 0.923196, 0.4, -0.995763, -0.089689, -0.02031, 0.0, 0.0, 0.0, 0.0, 1.0],
                [0.0906, -0.918964, -0.383793, -0.0, 0.015758, -0.384007, 0.923196, 0.4, -0.995763, -0.089689, -0.02031, -0.0, 0.0, 0.0, 0.0, 1.0],
                [0.0906, -0.918964, -0.383793, 0.0, 0.015758, -0.384007, 0.923196, 0.4, -0.995763, -0.089689, -0.02031, 0.0, 0.0, 0.0, 0.0, 1.0],
                [0.0906, -0.918964, -0.383793, 0.0, 0.015758, -0.384007, 0.923196, 0.4, -0.995763, -0.089689, -0.02031, 0.0, 0.0, 0.0, 0.0, 1.0],
                [0.0906, -0.918964, -0.383793, -0.0, 0.015758, -0.384007, 0.923196, 0.4, -0.995763, -0.089689, -0.02031, -0.0, 0.0, 0.0, 0.0, 1.0],
                [-0.188993, -0.935319, -0.299099, -0.0, -0.008425, -0.303033, 0.952943, 0.4, -0.981942, 0.182619, 0.049391, -0.0, 0.0, 0.0, 0.0, 1.0],
                [-0.132078, -0.979228, -0.153847, -0.0, 0.061483, -0.163, 0.984708, 0.4, -0.989331, 0.120599, 0.081735, -0.0, 0.0, 0.0, 0.0, 1.0],
                [0.0906, -0.918964, -0.383793, 0.0, 0.015758, -0.384007, 0.923196, 0.4, -0.995763, -0.089689, -0.02031, -0.0, 0.0, 0.0, 0.0, 1.0]
            ]
        },
        {
            "name": "Arm_L",
            "time": [0.0, 0.4167, 0.8333, 1.1667, 1.25, 2.1167, 2.6333, 3.1833],
            "transform": [
                [0.203494, 0.1086, 0.973034, 0.0, -0.836545, 0.535657, 0.115165, 0.39386, -0.508706, -0.837423, 0.199852, -0.0, 0.0, 0.0, 0.0, 1.0],
                [0.302524, 0.200503, 0.931814, -0.0, -0.622341, 0.782017, 0.033779, 0.39386, -0.721922, -0.590125, 0.36136, -0.0, 0.0, 0.0, 0.0, 1.0],
                [0.474257, 0.253833, 0.843, 0.0, -0.225169, 0.960658, -0.162585, 0.39386, -0.851105, -0.11271, 0.512754, -0.0, 0.0, 0.0, 0.0, 1.0],
                [0.474257, 0.253833, 0.843, -0.0, -0.225169, 0.960658, -0.162585, 0.393861, -0.851105, -0.11271, 0.512755, 0.0, 0.0, 0.0, 0.0, 1.0],
                [0.474257, 0.253833, 0.843, 0.0, -0.225169, 0.960658, -0.162585, 0.39386, -0.851105, -0.11271, 0.512755, 0.0, 0.0, 0.0, 0.0, 1.0],
                [0.474257, 0.253833, 0.843, -0.0, -0.225169, 0.960659, -0.162585, 0.39386, -0.851105, -0.11271, 0.512754, 0.0, 0.0, 0.0, 0.0, 1.0],
                [0.474257, 0.253833, 0.843, 0.0, -0.225169, 0.960659, -0.162585, 0.39386, -0.851105, -0.11271, 0.512754, 0.0, 0.0, 0.0, 0.0, 1.0],
                [0.203494, 0.1086, 0.973034, -0.0, -0.836545, 0.535657, 0.115165, 0.39386, -0.508706, -0.837423, 0.199852, -0.0, 0.0, 0.0, 0.0, 1.0]
            ]
        },
        {
            "name": "Hand_L",
            "time": [0.0, 0.4167, 0.8333, 1.1667, 1.25, 2.1167, 2.6333, 3.1833],
            "transform": [
                [0.992412, 0.120127, 0.02624, 0.0, -0.116136, 0.98585, -0.120881, 0.3, -0.04039, 0.116916, 0.99232, -0.0, 0.0, 0.0, 0.0, 1.0],
                [0.992412, 0.120127, 0.02624, 0.0, -0.116136, 0.98585, -0.120881, 0.3, -0.04039, 0.116916, 0.99232, -0.0, 0.0, 0.0, 0.0, 1.0],
                [0.992412, 0.120127, 0.02624, 0.0, -0.116136, 0.98585, -0.120881, 0.3, -0.04039, 0.116916, 0.99232, -0.0, 0.0, 0.0, 0.0, 1.0],
                [0.992412, 0.120127, 0.02624, 0.0, -0.116136, 0.98585, -0.120881, 0.3, -0.04039, 0.116916, 0.99232, 0.0, 0.0, 0.0, 0.0, 1.0],
                [0.992412, 0.120127, 0.02624, 0.0, -0.116136, 0.98585, -0.120881, 0.3, -0.04039, 0.116916, 0.99232, 0.0, 0.0, 0.0, 0.0, 1.0],
                [0.992911, -0.02277, 0.116657, 0.0, 0.060925, 0.940234, -0.335035, 0.3, -0.102056, 0.339767, 0.934956, -0.0, 0.0, 0.0, 0.0, 1.0],
                [0.992911, -0.02277, 0.116657, 0.0, 0.060925, 0.940234, -0.335035, 0.3, -0.102056, 0.339767, 0.934956, -0.0, 0.0, 0.0, 0.0, 1.0],
                [0.992412, 0.120127, 0.02624, 0.0, -0.116136, 0.98585, -0.120881, 0.3, -0.04039, 0.116916, 0.99232, 0.0, 0.0, 0.0, 0.0, 1.0]
            ]
        },
        {
            "name": "Tool_L",
            "time": [0.0, 0.4167, 0.8333, 1.1667, 1.25, 2.1167, 2.6333, 3.1833],
            "transform": [
                [0.997004, 0.01104, -0.076554, 0.0, -0.036659, -0.804079, -0.593391, 0.272858, -0.068107, 0.59442, -0.801265, -0.0, 0.0, 0.0, 0.0, 1.0],
                [0.997004, 0.01104, -0.076554, -0.0, -0.036659, -0.804079, -0.593391, 0.272858, -0.068107, 0.59442, -0.801266, -0.0, 0.0, 0.0, 0.0, 1.0],
                [0.997004, 0.01104, -0.076554, -0.0, -0.036659, -0.804079, -0.593392, 0.272858, -0.068107, 0.59442, -0.801266, -0.0, 0.0, 0.0, 0.0, 1.0],
                [0.997004, 0.01104, -0.076554, 0.0, -0.036659, -0.804079, -0.593392, 0.272858, -0.068107, 0.59442, -0.801266, -0.0, 0.0, 0.0, 0.0, 1.0],
                [0.997004, 0.01104, -0.076554, 0.0, -0.036659, -0.804079, -0.593392, 0.272858, -0.068107, 0.59442, -0.801266, -0.0, 0.0, 0.0, 0.0, 1.0],
                [0.997004, 0.01104, -0.076554, -0.0, -0.036659, -0.804079, -0.593391, 0.272858, -0.068107, 0.59442, -0.801266, 0.0, 0.0, 0.0, 0.0, 1.0],
                [0.997004, 0.01104, -0.076554, 0.0, -0.036659, -0.804079, -0.593391, 0.272858, -0.068106, 0.59442, -0.801265, -0.0, 0.0, 0.0, 0.0, 1.0],
                [0.997004, 0.01104, -0.076554, 0.0, -0.036659, -0.804079, -0.593391, 0.272858, -0.068107, 0.59442, -0.801265, -0.0, 0.0, 0.0, 0.0, 1.0]
            ]
        },
        {
            "name": "Elbow_L",
            "time": [0.0, 0.4167, 0.8333, 1.1667, 1.25, 2.1167, 2.6333, 3.1833],
            "transform": [
                [-1.0, 0.0, -0.0, -0.008123, 0.0, -0.0, -1.0, 0.463316, -0.0, -1.0, 0.0, -9.4e-05, 0.0, 0.0, 0.0, 1.0],
                [-1.0, 0.0, 0.0, -0.008123, 0.0, -0.0, -1.0, 0.463316, -0.0, -1.0, 0.0, -9.4e-05, 0.0, 0.0, 0.0, 1.0],
                [-1.0, 0.0, 0.0, -0.008123, 0.0, -0.0, -1.0, 0.463316, -0.0, -1.0, 0.0, -9.4e-05, 0.0, 0.0, 0.0, 1.0],
                [-1.0, 0.0, -0.0, -0.008123, 0.0, -0.0, -1.0, 0.463316, -0.0, -1.0, 0.0, -9.4e-05, 0.0, 0.0, 0.0, 1.0],
                [-1.0, 0.0, -0.0, -0.008123, 0.0, -0.0, -1.0, 0.463316, -0.0, -1.0, 0.0, -9.4e-05, 0.0, 0.0, 0.0, 1.0],
                [-1.0, 0.0, -0.0, -0.008123, 0.0, -0.0, -1.0, 0.463316, -0.0, -1.0, 0.0, -9.4e-05, 0.0, 0.0, 0.0, 1.0],
                [-1.0, 0.0, -0.0, -0.008123, 0.0, -0.0, -1.0, 0.463316, -0.0, -1.0, 0.0, -9.4e-05, 0.0, 0.0, 0.0, 1.0],
                [-1.0, 0.0, -0.0, -0.008123, 0.0, -0.0, -1.0, 0.463316, -0.0, -1.0, 0.0, -9.4e-05, 0.0, 0.0, 0.0, 1.0]
            ]
        }
    ]
}