{
    "animation": [
        {
            "name": "Root",
            "time": [0.0, 0.6333, 1.3333, 2.4, 2.9333, 4.2],
            "transform": [
                [0.854689, 0.0, -0.51914, -5e-06, -0.51914, 0.0, -0.854689, 0.000946, 0.0, 1.0, 0.0, 0.755725, 0.0, 0.0, 0.0, 1.0],
                [0.854689, 0.0, -0.51914, 0.003503, -0.51914, 0.0, -0.854689, 0.000241, 0.0, 1.0, 0.0, 0.674315, 0.0, 0.0, 0.0, 1.0],
                [0.854689, 0.0, -0.51914, 8.4e-05, -0.51914, 0.0, -0.854689, 0.000929, 0.0, 1.0, 0.0, 0.753671, 0.0, 0.0, 0.0, 1.0],
                [0.854689, 0.0, -0.51914, -0.00129, -0.51914, 0.0, -0.854689, 0.001205, 0.0, 1.0, 0.0, 0.785562, 0.0, 0.0, 0.0, 1.0],
                [0.854689, 0.0, -0.51914, -0.00129, -0.51914, 0.0, -0.854689, 0.001205, 0.0, 1.0, 0.0, 0.785562, 0.0, 0.0, 0.0, 1.0],
                [0.854689, 0.0, -0.51914, -5e-06, -0.51914, 0.0, -0.854689, 0.000946, 0.0, 1.0, 0.0, 0.755725, 0.0, 0.0, 0.0, 1.0]
            ]
        },
        {
            "name": "Thigh_R",
            "time": [0.0, 0.6333, 1.3333, 2.4, 2.9333, 3.7, 4.2],
            "transform": [
                [0.962765, 0.059156, -0.263788, 0.089257, 0.106329, -0.979981, 0.168307, -0.001866, -0.248551, -0.190088, -0.949784, -0.059943, 0.0, 0.0, 0.0, 1.0],
                [0.962673, -0.226316, -0.14846, 0.087332, -0.106933, -0.82189, 0.559517, -0.014704, -0.248646, -0.522755, -0.815415, -0.064259, 0.0, 0.0, 0.0, 1.0],
                [0.969854, -0.095077, -0.224372, 0.088685, -0.004016, -0.926854, 0.375394, -0.008616, -0.243652, -0.363176, -0.899298, -0.061474, 0.0, 0.0, 0.0, 1.0],
                [0.965232, 0.03343, -0.259247, 0.089269, 0.05966, -0.993783, 0.093977, -0.000125, -0.254494, -0.106176, -0.961228, -0.059776, 0.0, 0.0, 0.0, 1.0],
                [0.965832, 0.022824, -0.258163, 0.089269, 0.047732, -0.994738, 0.090631, -0.000125, -0.254736, -0.099856, -0.961841, -0.059776, 0.0, 0.0, 0.0, 1.0],
                [0.965832, 0.022824, -0.258163, 0.089269, 0.047732, -0.994738, 0.090631, -0.000125, -0.254736, -0.099856, -0.961841, -0.059776, 0.0, 0.0, 0.0, 1.0],
                [0.962765, 0.059156, -0.263788, 0.089257, 0.106329, -0.979981, 0.168307, -0.001866, -0.248551, -0.190088, -0.949784, -0.059943, 0.0, 0.0, 0.0, 1.0]
            ]
        },
        {
            "name": "Leg_R",
            "time": [0.0, 0.6333, 1.3333, 2.4, 2.9333, 4.2],
            "transform": [
                [1.0, -0.0, 2e-06, 0.0, -0.0, 0.966099, 0.258173, 0.37472, -2e-06, -0.258173, 0.966098, 0.0, 0.0, 0.0, 0.0, 1.0],
                [0.975459, 0.212483, 0.05772, -0.0, -0.159642, 0.501969, 0.850024, 0.37472, 0.151642, -0.838379, 0.523571, 0.0, 0.0, 0.0, 0.0, 1.0],
                [0.995136, 0.098393, 0.004846, 0.0, -0.084309, 0.825192, 0.558525, 0.37472, 0.050956, -0.556218, 0.829473, -0.0, 0.0, 0.0, 0.0, 1.0],
                [0.999323, -0.036217, 0.006527, -0.0, 0.034975, 0.989865, 0.137639, 0.37472, -0.011446, -0.137318, 0.99046, 0.0, 0.0, 0.0, 0.0, 1.0],
                [0.999323, -0.036217, 0.006527, -0.0, 0.034975, 0.989865, 0.137639, 0.37472, -0.011446, -0.137318, 0.99046, 0.0, 0.0, 0.0, 0.0, 1.0],
                [1.0, -0.0, 2e-06, 0.0, -0.0, 0.966099, 0.258173, 0.37472, -2e-06, -0.258173, 0.966098, 0.0, 0.0, 0.0, 0.0, 1.0]
            ]
        },
        {
            "name": "Knee_R",
            "time": [0.0, 0.6333, 1.3333, 2.4, 2.9333, 4.2],
            "transform": [
                [1.0, 0.0, -0.0, 0.0, -0.0, 0.0, -1.0, 0.37472, -0.0, 1.0, 0.0, 0.0, 0.0, 0.0, 0.0, 1.0],
                [1.0, 0.0, -0.0, -0.0, -0.0, 0.0, -1.0, 0.37472, -0.0, 1.0, 0.0, 0.0, 0.0, 0.0, 0.0, 1.0],
                [1.0, 0.0, -0.0, 0.0, -0.0, 0.0, -1.0, 0.37472, -0.0, 1.0, 0.0, -0.0, 0.0, 0.0, 0.0, 1.0],
                [1.0, 0.0, -0.0, -0.0, -0.0, 0.0, -1.0, 0.37472, -0.0, 1.0, 0.0, 0.0, 0.0, 0.0, 0.0, 1.0],
                [1.0, 0.0, -0.0, -0.0, -0.0, 0.0, -1.0, 0.37472, -0.0, 1.0, 0.0, 0.0, 0.0, 0.0, 0.0, 1.0],
                [1.0, 0.0, -0.0, 0.0, -0.0, 0.0, -1.0, 0.37472, -0.0, 1.0, 0.0, 0.0, 0.0, 0.0, 0.0, 1.0]
            ]
        },
        {
            "name": "Thigh_L",
            "time": [0.0, 0.6333, 1.3333, 2.4, 2.9333, 3.7, 4.2],
            "transform": [
                [0.824801, -0.137797, -0.548374, -0.125062, -0.073024, -0.987687, 0.138355, -0.004375, -0.560687, -0.074071, -0.824708, -0.000235, 0.0, 0.0, 0.0, 1.0],
                [0.795055, -0.268115, -0.54406, -0.123136, 0.102388, -0.824794, 0.556086, 0.008463, -0.597832, -0.497825, -0.628304, 0.004081, 0.0, 0.0, 0.0, 1.0],
                [0.810881, -0.172015, -0.559358, -0.124489, 0.049262, -0.932368, 0.358137, 0.002375, -0.583133, -0.317962, -0.747566, 0.001295, 0.0, 0.0, 0.0, 1.0],
                [0.83032, -0.021719, -0.556863, -0.125073, 0.023643, -0.996968, 0.074138, -0.006116, -0.556784, -0.074724, -0.827289, -0.000402, 0.0, 0.0, 0.0, 1.0],
                [0.830623, -0.036558, -0.555633, -0.125073, 0.006341, -0.997157, 0.075088, -0.006116, -0.556798, -0.065893, -0.82803, -0.000402, 0.0, 0.0, 0.0, 1.0],
                [0.830623, -0.036558, -0.555633, -0.125073, 0.006341, -0.997157, 0.075088, -0.006116, -0.556798, -0.065893, -0.82803, -0.000402, 0.0, 0.0, 0.0, 1.0],
                [0.824801, -0.137797, -0.548374, -0.125062, -0.073024, -0.987687, 0.138355, -0.004375, -0.560687, -0.074071, -0.824708, -0.000235, 0.0, 0.0, 0.0, 1.0]
            ]
        },
        {
            "name": "Leg_L",
            "time": [0.0, 0.6333, 1.3333, 2.4, 2.9333, 4.2],
            "transform": [
                [1.0, -0.0, 1e-06, 0.0, 0.0, 0.984973, 0.172708, 0.37472, -1e-06, -0.172708, 0.984973, -0.0, 0.0, 0.0, 0.0, 1.0],
                [0.993281, -0.095366, 0.065555, 0.0, -0.013805, 0.464783, 0.885317, 0.37472, -0.114898, -0.880274, 0.460344, 0.0, 0.0, 0.0, 0.0, 1.0],
                [0.99813, -0.041485, 0.044885, 0.0, 0.00628, 0.800097, 0.599837, 0.37472, -0.060797, -0.598434, 0.798863, 0.0, 0.0, 0.0, 0.0, 1.0],
                [1.0, 6.8e-05, -0.000121, 0.0, -4.6e-05, 0.985155, 0.171667, 0.37472, 0.00013, -0.171667, 0.985155, 0.0, 0.0, 0.0, 0.0, 1.0],
                [1.0, 6.8e-05, -0.000121, 0.0, -4.6e-05, 0.985155, 0.171667, 0.37472, 0.00013, -0.171667, 0.985155, -0.0, 0.0, 0.0, 0.0, 1.0],
                [1.0, -0.0, 1e-06, 0.0, 0.0, 0.984973, 0.172708, 0.37472, -1e-06, -0.172708, 0.984973, -0.0, 0.0, 0.0, 0.0, 1.0]
            ]
        },
        {
            "name": "Knee_L",
            "time": [0.0, 0.6333, 1.3333, 2.4, 2.9333, 4.2],
            "transform": [
                [1.0, 0.0, -0.0, 0.0, -0.0, 0.0, -1.0, 0.37472, -0.0, 1.0, 0.0, -0.0, 0.0, 0.0, 0.0, 1.0],
                [1.0, 0.0, -0.0, 0.0, -0.0, 0.0, -1.0, 0.37472, -0.0, 1.0, 0.0, 0.0, 0.0, 0.0, 0.0, 1.0],
                [1.0, 0.0, -0.0, 0.0, -0.0, 0.0, -1.0, 0.37472, -0.0, 1.0, 0.0, 0.0, 0.0, 0.0, 0.0, 1.0],
                [1.0, 0.0, -0.0, 0.0, -0.0, 0.0, -1.0, 0.37472, -0.0, 1.0, 0.0, 0.0, 0.0, 0.0, 0.0, 1.0],
                [1.0, 0.0, -0.0, 0.0, -0.0, 0.0, -1.0, 0.37472, -0.0, 1.0, 0.0, -0.0, 0.0, 0.0, 0.0, 1.0],
                [1.0, 0.0, -0.0, 0.0, -0.0, 0.0, -1.0, 0.37472, -0.0, 1.0, 0.0, -0.0, 0.0, 0.0, 0.0, 1.0]
            ]
        },
        {
            "name": "Torso",
            "time": [0.0, 0.6333, 1.3333, 2.4, 2.9333, 4.2],
            "transform": [
                [0.941706, -0.027332, 0.335325, -0.0, 0.020667, 0.999512, 0.023431, 0.05, -0.335802, -0.015135, 0.941811, 0.0, 0.0, 0.0, 0.0, 1.0],
                [0.940481, -0.128168, 0.314752, 0.0, 0.059652, 0.974037, 0.21839, 0.05, -0.334571, -0.186616, 0.923708, 0.0, 0.0, 0.0, 0.0, 1.0],
                [0.941474, -0.086989, 0.325667, 0.0, 0.043528, 0.989413, 0.138446, 0.05, -0.334262, -0.116168, 0.935293, 0.0, 0.0, 0.0, 0.0, 1.0],
                [0.941606, -0.017008, 0.336286, 0.0, 0.016768, 0.999853, 0.003618, 0.05, -0.336298, 0.002232, 0.941753, 0.0, 0.0, 0.0, 0.0, 1.0],
                [0.941132, 0.01107, 0.337859, 0.0, 0.006248, 0.998723, -0.050127, 0.05, -0.337982, 0.049287, 0.939861, 0.0, 0.0, 0.0, 0.0, 1.0],
                [0.941706, -0.027332, 0.335325, -0.0, 0.020667, 0.999512, 0.023431, 0.05, -0.335802, -0.015135, 0.941811, 0.0, 0.0, 0.0, 0.0, 1.0]
            ]
        },
        {
            "name": "Chest",
            "time": [0.0, 0.6333, 1.3333, 2.4, 2.9333, 4.2],
            "transform": [
                [0.968895, -0.024275, 0.246277, -0.0, 0.031899, 0.999126, -0.027014, 0.3, -0.245406, 0.03403, 0.968823, 0.0, 0.0, 0.0, 0.0, 1.0],
                [0.969921, -0.096727, 0.223376, -0.0, 0.010805, 0.933864, 0.357465, 0.3, -0.24318, -0.344299, 0.90682, -0.0, 0.0, 0.0, 0.0, 1.0],
                [0.968962, -0.037771, 0.244309, 0.0, 0.028094, 0.998681, 0.042977, 0.3, -0.24561, -0.03478, 0.968745, 0.0, 0.0, 0.0, 0.0, 1.0],
                [0.968885, -0.007565, 0.247395, 0.0, 0.036539, 0.992953, -0.112736, 0.3, -0.244798, 0.118268, 0.962334, 0.0, 0.0, 0.0, 0.0, 1.0],
                [0.968902, -0.001282, 0.247443, -0.0, 0.038264, 0.988734, -0.144708, 0.3, -0.24447, 0.149676, 0.958035, 0.0, 0.0, 0.0, 0.0, 1.0],
                [0.968895, -0.024275, 0.246277, -0.0, 0.031899, 0.999126, -0.027014, 0.3, -0.245406, 0.03403, 0.968823, 0.0, 0.0, 0.0, 0.0, 1.0]
            ]
        },
        {
            "name": "Head",
            "time": [0.0, 0.6333, 1.3333, 2.4, 2.9333, 4.2],
            "transform": [
                [0.998851, 0.001677, -0.047891, 0.0, 0.001741, 0.997457, 0.071244, 0.4, 0.047889, -0.071245, 0.996309, 0.0, 0.0, 0.0, 0.0, 1.0],
                [0.998895, 0.013313, -0.045079, 0.0, 0.000227, 0.957672, 0.287861, 0.4, 0.047003, -0.287553, 0.956611, 0.0, 0.0, 0.0, 0.0, 1.0],
                [0.998895, 0.013313, -0.045079, -0.0, 0.000227, 0.957672, 0.287861, 0.4, 0.047003, -0.287553, 0.956611, 0.0, 0.0, 0.0, 0.0, 1.0],
                [0.998396, -0.053103, -0.019649, 0.0, 0.004649, 0.422729, -0.906244, 0.4, 0.05643, 0.904699, 0.422297, -0.0, 0.0, 0.0, 0.0, 1.0],
                [0.998374, -0.054369, -0.017132, 0.0, 0.004526, 0.375209, -0.926929, 0.4, 0.056824, 0.925345, 0.374845, -0.0, 0.0, 0.0, 0.0, 1.0],
                [0.998851, 0.001677, -0.047891, 0.0, 0.001741, 0.997457, 0.071244, 0.4, 0.047889, -0.071245, 0.996309, 0.0, 0.0, 0.0, 0.0, 1.0]
            ]
        },
        {
            "name": "Shoulder_R",
            "time": [0.0, 0.6333, 1.3333, 2.4, 2.9333, 4.2],
            "transform": [
                [-0.231826, 0.900538, 0.367815, 0.0, -0.035997, -0.385799, 0.92188, 0.4, 0.972091, 0.200476, 0.121855, 0.0, 0.0, 0.0, 0.0, 1.0],
                [-0.231826, 0.900538, 0.367815, 0.0, -0.035997, -0.385799, 0.92188, 0.4, 0.972091, 0.200476, 0.121855, 0.0, 0.0, 0.0, 0.0, 1.0],
                [0.327901, 0.900863, 0.284474, -0.0, -0.027225, -0.291986, 0.956035, 0.4, 0.944319, -0.32123, -0.071216, 0.0, 0.0, 0.0, 0.0, 1.0],
                [-0.013956, 0.94332, -0.331591, 0.0, -0.024037, 0.331211, 0.94325, 0.4, 0.999614, 0.021134, 0.018052, -0.0, 0.0, 0.0, 0.0, 1.0],
                [-0.013956, 0.94332, -0.331591, 0.0, -0.024037, 0.331211, 0.94325, 0.4, 0.999614, 0.021134, 0.018052, -0.0, 0.0, 0.0, 0.0, 1.0],
                [-0.231826, 0.900538, 0.367815, 0.0, -0.035997, -0.385799, 0.92188, 0.4, 0.972091, 0.200476, 0.121855, 0.0, 0.0, 0.0, 0.0, 1.0]
            ]
        },
        {
            "name": "Arm_R",
            "time": [0.0, 0.6333, 1.3333, 2.4, 2.9333, 4.2],
            "transform": [
                [0.166726, -0.073855, -0.983233, 0.0, 0.854041, 0.509172, 0.106573, 0.39386, 0.492764, -0.85749, 0.147968, 0.0, 0.0, 0.0, 0.0, 1.0],
                [0.354328, -0.35022, -0.867063, -0.0, 0.752887, 0.656784, 0.042384, 0.393861, 0.554629, -0.667818, 0.496393, 0.0, 0.0, 0.0, 0.0, 1.0],
                [0.862882, -0.184489, 0.47053, -0.0, 0.286232, 0.945685, -0.154115, 0.39386, -0.41654, 0.267664, 0.868821, 0.0, 0.0, 0.0, 0.0, 1.0],
                [0.95064, -0.010584, 0.310115, -0.0, 0.199447, 0.786458, -0.584555, 0.39386, -0.237705, 0.617553, 0.74975, 0.0, 0.0, 0.0, 0.0, 1.0],
                [0.978673, 0.063065, 0.195506, -0.0, 0.07456, 0.777761, -0.624123, 0.393861, -0.191417, 0.62539, 0.756471, -0.0, 0.0, 0.0, 0.0, 1.0],
                [0.166726, -0.073855, -0.983233, 0.0, 0.854041, 0.509172, 0.106573, 0.39386, 0.492764, -0.85749, 0.147968, 0.0, 0.0, 0.0, 0.0, 1.0]
            ]
        },
        {
            "name": "Hand_R",
            "time": [0.0, 0.6333, 1.3333, 2.4, 2.9333, 4.2],
            "transform": [
                [0.98546, -0.169495, -0.011855, 0.0, 0.168151, 0.982899, -0.07506, 0.3, 0.024375, 0.071976, 0.997109, -0.0, 0.0, 0.0, 0.0, 1.0],
                [0.48274, -0.85609, -0.184588, -0.0, 0.86555, 0.498489, -0.0483, 0.3, 0.133365, -0.136453, 0.981628, 0.0, 0.0, 0.0, 0.0, 1.0],
                [-0.644088, -0.631364, -0.43189, 0.0, 0.697646, -0.71641, 0.006878, 0.3, -0.313753, -0.296877, 0.9019, -0.0, 0.0, 0.0, 0.0, 1.0],
                [0.9997, -0.022615, -0.009455, -0.0, 0.022909, 0.999217, 0.032257, 0.3, 0.008718, -0.032464, 0.999435, -0.0, 0.0, 0.0, 0.0, 1.0],
                [0.9997, -0.022615, -0.009455, 0.0, 0.022909, 0.999217, 0.032257, 0.3, 0.008718, -0.032464, 0.999435, 0.0, 0.0, 0.0, 0.0, 1.0],
                [0.98546, -0.169495, -0.011855, 0.0, 0.168151, 0.982899, -0.07506, 0.3, 0.024375, 0.071976, 0.997109, -0.0, 0.0, 0.0, 0.0, 1.0]
            ]
        },
        {
            "name": "Tool_R",
            "time": [0.0, 0.6333, 1.3333, 2.4, 2.9333, 4.2],
            "transform": [
                [0.983345, -0.173827, 0.053071, 0.0, -0.110087, -0.802007, -0.587082, 0.272858, 0.144614, 0.571462, -0.807786, 0.0, 0.0, 0.0, 0.0, 1.0],
                [0.983345, -0.173827, 0.053071, -0.0, -0.110087, -0.802007, -0.587082, 0.272858, 0.144614, 0.571462, -0.807786, 0.0, 0.0, 0.0, 0.0, 1.0],
                [0.983345, -0.173827, 0.053071, 0.0, -0.110087, -0.802007, -0.587082, 0.272858, 0.144614, 0.571462, -0.807786, 0.0, 0.0, 0.0, 0.0, 1.0],
                [0.983345, -0.173827, 0.053071, 0.0, -0.110087, -0.802007, -0.587082, 0.272858, 0.144614, 0.571462, -0.807786, 0.0, 0.0, 0.0, 0.0, 1.0],
                [0.983345, -0.173827, 0.053071, 0.0, -0.110087, -0.802008, -0.587082, 0.272858, 0.144614, 0.571462, -0.807786, 0.0, 0.0, 0.0, 0.0, 1.0],
                [0.983345, -0.173827, 0.053071, 0.0, -0.110087, -0.802007, -0.587082, 0.272858, 0.144614, 0.571462, -0.807786, 0.0, 0.0, 0.0, 0.0, 1.0]
            ]
        },
        {
            "name": "Elbow_R",
            "time": [0.0, 0.6333, 1.3333, 2.4, 2.9333, 4.2],
            "transform": [
                [-1.0, 0.0, -0.0, 0.0, 0.0, 0.0, -1.0, 0.3, -0.0, -1.0, -0.0, -0.0, 0.0, 0.0, 0.0, 1.0],
                [-1.0, 0.0, -0.0, -0.0, -0.0, 0.0, -1.0, 0.3, -0.0, -1.0, -0.0, 0.0, 0.0, 0.0, 0.0, 1.0],
                [-1.0, 0.0, -0.0, 0.0, -0.0, 0.0, -1.0, 0.3, -0.0, -1.0, -0.0, -0.0, 0.0, 0.0, 0.0, 1.0],
                [-1.0, 0.0, -0.0, -0.0, 0.0, 0.0, -1.0, 0.3, -0.0, -1.0, -0.0, -0.0, 0.0, 0.0, 0.0, 1.0],
                [-1.0, 0.0, -0.0, 0.0, 0.0, 0.0, -1.0, 0.3, -0.0, -1.0, -0.0, 0.0, 0.0, 0.0, 0.0, 1.0],
                [-1.0, 0.0, -0.0, 0.0, 0.0, 0.0, -1.0, 0.3, -0.0, -1.0, -0.0, -0.0, 0.0, 0.0, 0.0, 1.0]
            ]
        },
        {
            "name": "Shoulder_L",
            "time": [0.0, 0.6333, 1.3333, 2.4, 2.9333, 4.2],
            "transform": [
                [0.0906, -0.918964, -0.383793, 0.0, 0.015758, -0.384007, 0.923196, 0.4, -0.995763, -0.089689, -0.02031, 0.0, 0.0, 0.0, 0.0, 1.0],
                [0.0906, -0.918964, -0.383793, 0.0, 0.015758, -0.384007, 0.923196, 0.4, -0.995763, -0.089689, -0.02031, 0.0, 0.0, 0.0, 0.0, 1.0],
                [0.424838, -0.855124, -0.297111, -0.0, 0.001741, -0.327429, 0.944874, 0.4, -0.905268, -0.401935, -0.137615, 0.0, 0.0, 0.0, 0.0, 1.0],
                [0.062247, -0.948771, 0.309771, 0.0, 0.003219, 0.310562, 0.950548, 0.4, -0.998056, -0.058172, 0.022385, -0.0, 0.0, 0.0, 0.0, 1.0],
                [0.062247, -0.948772, 0.309771, 0.0, 0.003219, 0.310562, 0.950548, 0.4, -0.998056, -0.058172, 0.022385, -0.0, 0.0, 0.0, 0.0, 1.0],
                [0.0906, -0.918964, -0.383793, 0.0, 0.015758, -0.384007, 0.923196, 0.4, -0.995763, -0.089689, -0.02031, 0.0, 0.0, 0.0, 0.0, 1.0]
            ]
        },
        {
            "name": "Arm_L",
            "time": [0.0, 0.6333, 1.3333, 2.4, 2.9333, 4.2],
            "transform": [
                [0.203494, 0.1086, 0.973034, 0.0, -0.836545, 0.535657, 0.115165, 0.39386, -0.508706, -0.837423, 0.199852, -0.0, 0.0, 0.0, 0.0, 1.0],
                [0.439513, 0.316129, 0.840768, -0.0, -0.638585, 0.768236, 0.044964, 0.39386, -0.631694, -0.556664, 0.539525, 0.0, 0.0, 0.0, 0.0, 1.0],
                [0.925914, -0.027706, -0.376716, 0.0, -0.102346, 0.9416, -0.320803, 0.39386, 0.363604, 0.335591, 0.869006, 0.0, 0.0, 0.0, 0.0, 1.0],
                [0.923606, -0.018078, -0.382916, 0.0, -0.212207, 0.807763, -0.549987, 0.39386, 0.319248, 0.58923, 0.742219, 0.0, 0.0, 0.0, 0.0, 1.0],
                [0.950902, -0.08182, -0.298481, -0.0, -0.11596, 0.799979, -0.588716, 0.39386, 0.286947, 0.594423, 0.751214, -0.0, 0.0, 0.0, 0.0, 1.0],
                [0.203494, 0.1086, 0.973034, 0.0, -0.836545, 0.535657, 0.115165, 0.39386, -0.508706, -0.837423, 0.199852, -0.0, 0.0, 0.0, 0.0, 1.0]
            ]
        },
        {
            "name": "Hand_L",
            "time": [0.0, 0.6333, 1.3333, 2.4, 2.9333, 4.2],
            "transform": [
                [0.992412, 0.120127, 0.02624, 0.0, -0.116136, 0.98585, -0.120881, 0.3, -0.04039, 0.116916, 0.99232, -0.0, 0.0, 0.0, 0.0, 1.0],
                [0.480005, 0.87011, 0.111822, 0.0, -0.853321, 0.492673, -0.170636, 0.3, -0.203564, -0.013514, 0.978969, -0.0, 0.0, 0.0, 0.0, 1.0],
                [-0.732517, 0.666726, 0.137462, -0.0, -0.679709, -0.727491, -0.093563, 0.3, 0.037622, -0.16197, 0.986078, -0.0, 0.0, 0.0, 0.0, 1.0],
                [0.995599, 0.023319, 0.090773, 0.0, -0.025117, 0.999509, 0.018724, 0.3, -0.090292, -0.020922, 0.995696, 0.0, 0.0, 0.0, 0.0, 1.0],
                [0.995599, 0.023319, 0.090773, -0.0, -0.025117, 0.999509, 0.018724, 0.3, -0.090292, -0.020922, 0.995696, -0.0, 0.0, 0.0, 0.0, 1.0],
                [0.992412, 0.120127, 0.02624, 0.0, -0.116136, 0.98585, -0.120881, 0.3, -0.04039, 0.116916, 0.99232, -0.0, 0.0, 0.0, 0.0, 1.0]
            ]
        },
        {
            "name": "Tool_L",
            "time": [0.0, 0.6333, 1.3333, 2.4, 2.9333, 4.2],
            "transform": [
                [0.997004, 0.01104, -0.076554, 0.0, -0.036659, -0.804079, -0.593391, 0.272858, -0.068107, 0.59442, -0.801265, -0.0, 0.0, 0.0, 0.0, 1.0],
                [0.997005, 0.01104, -0.076554, 0.0, -0.036659, -0.804079, -0.593391, 0.272858, -0.068107, 0.59442, -0.801266, -0.0, 0.0, 0.0, 0.0, 1.0],
                [0.997004, 0.01104, -0.076554, 0.0, -0.036659, -0.804079, -0.593391, 0.272858, -0.068107, 0.59442, -0.801266, -0.0, 0.0, 0.0, 0.0, 1.0],
                [0.997004, 0.01104, -0.076554, -0.0, -0.036659, -0.804079, -0.593392, 0.272858, -0.068107, 0.59442, -0.801266, -0.0, 0.0, 0.0, 0.0, 1.0],
                [0.997004, 0.01104, -0.076554, -0.0, -0.036659, -0.804079, -0.593391, 0.272858, -0.068107, 0.59442, -0.801266, -0.0, 0.0, 0.0, 0.0, 1.0],
                [0.997004, 0.01104, -0.076554, 0.0, -0.036659, -0.804079, -0.593391, 0.272858, -0.068107, 0.59442, -0.801265, -0.0, 0.0, 0.0, 0.0, 1.0]
            ]
        },
        {
            "name": "Elbow_L",
            "time": [0.0, 0.6333, 1.3333, 2.4, 2.9333, 4.2],
            "transform": [
                [-1.0, 0.0, -0.0, 0.001628, 0.0, -0.0, -1.0, 0.311662, -0.0, -1.0, 0.0, -0.001575, 0.0, 0.0, 0.0, 1.0],
                [-1.0, 0.0, -0.0, 0.001628, 0.0, -0.0, -1.0, 0.311662, -0.0, -1.0, 0.0, -0.001575, 0.0, 0.0, 0.0, 1.0],
                [-1.0, 0.0, 0.0, 0.001628, 0.0, -0.0, -1.0, 0.311662, -0.0, -1.0, 0.0, -0.001575, 0.0, 0.0, 0.0, 1.0],
                [-1.0, 0.0, -0.0, 0.001628, 0.0, -0.0, -1.0, 0.311662, -0.0, -1.0, 0.0, -0.001574, 0.0, 0.0, 0.0, 1.0],
                [-1.0, 0.0, 0.0, 0.001628, 0.0, -0.0, -1.0, 0.311662, -0.0, -1.0, 0.0, -0.001575, 0.0, 0.0, 0.0, 1.0],
                [-1.0, 0.0, -0.0, 0.001628, 0.0, -0.0, -1.0, 0.311662, -0.0, -1.0, 0.0, -0.001575, 0.0, 0.0, 0.0, 1.0]
            ]
        }
    ]
}